t  re  im
0  1  0
0.04  0.944459  0
0.08  0.878803  0
0.12  0.810013  0
0.16  0.741829  0
0.2  0.675431  0
0.24  0.61176  0
0.28  0.55136  0
0.32  0.494735  0
0.36  0.442225  0
0.4  0.393871  0
0.44  0.349793  0
0.48  0.309854  0
0.52  0.273801  0
0.56  0.241351  0
0.6  0.212201  0
0.64  0.186175  0
0.68  0.163022  0
0.72  0.142485  0
0.76  0.124332  0
0.8  0.108352  0
0.84  0.0943316  0
0.88  0.0820566  0
0.92  0.0713176  0
0.96  0.0619039  0
1  0.053681  0
1.04  0.0465232  0
1.08  0.0402861  0
1.12  0.034865  0
1.16  0.0301661  0
1.2  0.0260848  0
1.24  0.0225336  0
1.28  0.0194484  0
1.32  0.0167774  0
1.36  0.0144623  0
1.4  0.0124593  0
1.44  0.0107276  0
1.48  0.0092325  0
1.52  0.00794382  0
1.56  0.00683372  0
1.6  0.00587788  0
1.64  0.00505593  0
1.68  0.00434674  0
1.72  0.00373575  0
1.76  0.00321072  0
1.8  0.00275874  0
1.84  0.00236973  0
1.88  0.00203479  0
1.92  0.00174704  0
1.96  0.00150008  0
2  0.00128817  0
2.04  0.00110608  0
2.08  0.000949579  0
2.12  0.000814981  0
2.16  0.00069956  0
2.2  0.000600597  0
2.24  0.000515572  0
2.28  0.000442431  0
2.32  0.000379478  0
2.36  0.000325461  0
2.4  0.000279238  0
2.44  0.000239701  0
2.48  0.000205813  0
2.52  0.000176802  0
2.56  0.000151952  0
2.6  0.00013067  0
2.64  0.000112434  0
2.68  9.67945e-05  0
2.72  8.33484e-05  0
2.76  7.17813e-05  0
2.8  6.18502e-05  0
2.84  5.32996e-05  0
2.88  4.59356e-05  0
2.92  3.96024e-05  0
2.96  3.41506e-05  0
3  2.94522e-05  0
3.04  2.53911e-05  0
3.08  2.18817e-05  0
3.12  1.88599e-05  0
3.16  1.62594e-05  0
3.2  1.40232e-05  0
3.24  1.20974e-05  0
3.28  1.04382e-05  0
3.32  9.00879e-06  0
3.36  7.77765e-06  0
3.4  6.71624e-06  0
3.44  5.80038e-06  0
3.48  5.00913e-06  0
3.52  4.32603e-06  0
3.56  3.73619e-06  0
3.6  3.22754e-06  0
3.64  2.78865e-06  0
3.68  2.40962e-06  0
3.72  2.08201e-06  0
3.76  1.79937e-06  0
3.8  1.55531e-06  0
3.84  1.34349e-06  0
3.88  1.16006e-06  0
3.92  1.00148e-06  0
3.96  8.64516e-07  0
4  7.46229e-07  0
4.04  6.4409e-07  0
4.08  5.56011e-07  0
4.12  4.79775e-07  0
4.16  4.14082e-07  0
4.2  3.57531e-07  0
4.24  3.08842e-07  0
4.28  2.6689e-07  0
4.32  2.3072e-07  0
4.36  1.99536e-07  0
4.4  1.72609e-07  0
4.44  1.49378e-07  0
4.48  1.29324e-07  0
4.52  1.11979e-07  0
4.56  9.69963e-08  0
4.6  8.40611e-08  0
4.64  7.28856e-08  0
4.68  6.32162e-08  0
4.72  5.48319e-08  0
4.76  4.75661e-08  0
4.8  4.12784e-08  0
4.84  3.58264e-08  0
4.88  3.11004e-08  0
4.92  2.70052e-08  0
4.96  2.34479e-08  0
5  2.03509e-08  0
5.04  1.76627e-08  0
5.08  1.53267e-08  0
5.12  1.32971e-08  0
5.16  1.15336e-08  0
5.2  9.99896e-09  0
5.24  8.66344e-09  0
5.28  7.50478e-09  0
5.32  6.50161e-09  0
5.36  5.63317e-09  0
5.4  4.88041e-09  0
5.44  4.22925e-09  0
5.48  3.66486e-09  0
5.52  3.17485e-09  0
5.56  2.75047e-09  0
5.6  2.38302e-09  0
5.64  2.06461e-09  0
5.68  1.78894e-09  0
5.72  1.5503e-09  0
5.76  1.34369e-09  0
5.8  1.16446e-09  0
5.84  1.00908e-09  0
5.88  8.74795e-10  0
5.92  7.58711e-10  0
5.96  6.58094e-10  0
6  5.70892e-10  0
6.04  4.95396e-10  0
6.08  4.29978e-10  0
6.12  3.73184e-10  0
6.16  3.238e-10  0
6.2  2.80953e-10  0
6.24  2.43696e-10  0
6.28  2.11434e-10  0
6.32  1.83471e-10  0
6.36  1.59171e-10  0
6.4  1.38068e-10  0
6.44  1.19794e-10  0
6.48  1.03941e-10  0
6.52  9.02006e-11  0
6.56  7.82826e-11  0
6.6  6.79542e-11  0
6.64  5.90007e-11  0
6.68  5.12364e-11  0
6.72  4.44871e-11  0
6.76  3.86202e-11  0
6.8  3.35205e-11  0
6.84  2.90856e-11  0
6.88  2.52264e-11  0
6.92  2.18691e-11  0
6.96  1.89533e-11  0
7  1.64232e-11  0
7.04  1.42288e-11  0
7.08  1.23256e-11  0
7.12  1.0675e-11  0
7.16  9.24142e-12  0
7.2  7.99846e-12  0
7.24  6.92182e-12  0
7.28  5.98921e-12  0
7.32  5.18059e-12  0
7.36  4.48042e-12  0
7.4  3.87458e-12  0
7.44  3.35039e-12  0
7.48  2.89708e-12  0
7.52  2.50533e-12  0
7.56  2.1663e-12  0
7.6  1.87324e-12  0
7.64  1.61978e-12  0
7.68  1.40075e-12  0
7.72  1.21141e-12  0
7.76  1.04752e-12  0
7.8  9.0567e-13  0
7.84  7.83018e-13  0
7.88  6.77021e-13  0
7.92  5.85399e-13  0
7.96  5.06137e-13  0
