0  0.0149087
1  0.0094591
2  0.00642121
3  0.00583484
4  0.00524455
5  0.00494172
6  0.00441155
7  0.00383924
8  0.00359254
9  0.00288491
10  0.00256029
11  0.00245815
12  0.00245009
13  0.00256881
14  0.00212597
15  0.00195857
16  0.00184496
17  0.00162924
18  0.00129227
19  0.00100393
20  0.000833183
21  0.000860057
22  0.00129269
23  0.00096497
24  0.000583381
25  0.000837289
26  0.000577432
27  0.000242964
28  0.000599037
29  0.000980137
30  0.000896869
31  0.00049556
32  0.000749209
33  0.000588742
34  0.000575772
35  0.000437417
36  0.000247175
37  0.000189728
38  0.000147487
39  -3.81829e-05
40  0.000502672
41  0.000340841
42  -2.61076e-05
43  0.000268436
44  0.000280973
45  0.000379728
46  8.80059e-05
47  -6.07303e-05
48  -0.00011348
49  0.000102502
50  0.000162674
51  0.000294723
52  -0.000142422
53  -0.000185017
54  0.000121259
55  0.000342983
56  0.0004963
57  6.78735e-05
58  -0.000380195
59  -0.000500297
60  -0.000252832
61  -0.00048674
62  -0.00046596
63  -0.000580207
64  -0.000584785
65  -0.000525404
66  -0.000218564
67  -0.000154863
68  -0.000497815
69  -0.000120222
70  -9.92388e-05
71  -0.000339189
72  -0.000238746
73  -9.82394e-05
74  0.000355535
75  0.000379665
76  -0.000135809
77  -0.000241824
78  -0.000410594
79  -0.000239925
80  -0.000201382
81  -0.000244672
82  -0.00032692
83  -0.000221557
84  -0.000119689
85  5.73968e-05
86  -5.13573e-05
87  -2.85399e-05
88  -0.000234919
89  -0.000184069
90  -7.87526e-05
91  5.47452e-05
92  -0.000246049
93  -0.000127729
94  0.00063748
95  0.000393783
96  0.00019074
97  8.13246e-05
98  6.79225e-05
99  5.69308e-05
100  -0.000143805
101  0.000419807
102  -0.000217266
103  -0.000410037
104  -0.000449508
105  -0.000399668
106  -0.000364597
107  -0.000416555
108  -0.000247308
109  -0.000418039
110  -0.000382515
111  -0.00015436
112  -0.00037643
113  -0.000504362
114  -0.000477117
115  -0.000321297
116  -4.35173e-05
117  -0.000135588
118  -0.000370904
119  -0.000125381
120  -0.000190439
121  -0.000273513
122  5.50108e-05
123  0.000408725
124  1.72584e-05
125  0.000182021
126  0.000194528
127  0.000232451
128  0.000504088
129  0.000583378
130  0.000203405
131  -8.20663e-05
132  -0.000114171
133  6.6845e-05
134  -0.000238786
135  3.07213e-05
136  0.000295696
137  -4.23841e-05
138  -8.61228e-05
139  2.34684e-05
140  -0.000105907
141  -0.000141838
142  -0.000152768
143  0.000140525
144  5.06346e-05
145  -0.000412758
146  -0.000434255
147  -9.68174e-05
148  -0.000124272
149  -0.000306881
150  -0.000217454
151  3.9653e-05
152  0.000280016
153  -3.99338e-06
154  0.000326565
155  -0.000257012
156  -0.00015449
157  0.000226013
158  0.000146871
159  -0.000252141
160  -2.6127e-05
161  -0.000161669
162  -7.67355e-05
163  -0.000219197
164  -0.000207106
165  -0.000186142
166  0.000152603
167  0.000172564
168  0.000194838
169  0.000295285
170  0.00043796
171  0.000466751
172  0.000277995
173  0.00018722
174  0.000138484
175  0.000170859
176  0.000181105
177  0.000435212
178  0.000237228
179  0.000123401
180  0.000149432
181  0.000319885
182  0.000164011
183  7.68115e-05
184  8.09544e-05
185  1.11912e-05
186  -9.07163e-05
187  0.00011847
188  -4.64893e-05
189  2.43401e-05
190  -9.85861e-05
191  -5.15343e-05
192  0.000131352
193  0.000145242
194  1.54927e-05
195  -6.73159e-05
196  -4.31747e-05
197  7.64155e-05
198  -0.000218099
199  0.000138499
200  0.000442847
201  0.000208416
202  0.00028436
203  -4.55676e-05
204  1.91023e-05
205  -0.000109221
206  -0.00016748
207  2.93884e-05
208  -0.000173247
209  -0.000326166
210  -0.000275239
211  0.000101002
212  6.18547e-05
213  0.000123987
214  0.000330601
215  0.000418958
216  0.000517715
217  0.000228018
218  0.000132995
219  0.000176748
220  1.49591e-05
221  0.000310025
222  0.000441174
223  0.000266749
224  7.54197e-05
225  0.000496508
226  3.43924e-05
227  0.000845543
228  0.00129959
229  0.000831257
230  0.000242516
231  -0.000700542
232  -0.000897329
233  -0.00050229
234  -0.000348645
235  0.0011792
236  -8.31126e-05
237  -7.80253e-05
238  -0.000522549
239  0.000648885
240  0.00156497
241  0.00205276
242  0.00282593
243  0.00162701
244  0.00122661
245  -0.000290652
246  0.00131802
247  0.00194155
248  0.000242548
249  -0.00156464
250  0.00072471
251  -8.38203e-05
252  -0.00130505
253  0.000228003
254  0.000416852
255  -0.00111846
256  -0.000196063
257  -0.00168809
258  -0.00296689
259  -0.00175337
260  -0.000605461
261  -0.00110682
262  -0.000579681
263  0.000223049
264  0.000531878
265  0.000645543
266  0.000689697
267  0.000423153
268  0.000133399
269  0.000352335
270  -0.000944213
271  0.000475828
272  0.000331866
273  -0.000440371
274  -0.00143909
275  -0.0023461
276  -0.0031728
277  -0.00329658
278  -0.00116059
279  -0.000734366
280  0.000460189
281  0.000597679
282  0.00106446
283  -0.00111115
284  -0.00218223
285  -0.0024448
286  -0.002514
287  -0.00310832
288  -0.00491557
289  -0.00601213
290  -0.00446174
291  -0.000796861
292  -0.000678569
293  -0.00118591
294  0.000297406
295  -0.00200394
296  -8.58296e-05
297  0.0013049
298  0.000788336
299  -0.00279173
300  -0.00349121
301  -0.0046087
302  -0.00534938
303  -0.00450857
304  -0.00682564
305  -0.00266135
306  -0.00240905
307  -0.00160564
308  -0.00145442
309  0.000120754
310  -0.0033132
311  -0.000682239
312  0.00186544
313  -0.00142208
314  -0.00299181
315  0.00300972
316  -0.00308948
317  -0.00163995
318  0.00469045
319  0.0030836
320  0.00174896
321  0.00390901
322  0.00428604
323  0.000141372
324  0.000146576
325  0.000955782
326  -0.000913512
327  0.00125862
328  0.00346144
329  0.00224839
330  0.00305977
331  0.00177374
332  2.98174e-05
333  0.00117727
334  0.00375744
335  0.00542503
336  0.00754764
337  0.00603526
338  -0.00152289
339  0.00197155
340  0.00464222
341  0.00164119
342  0.00164442
343  0.00205239
344  0.00240159
345  0.00163214
346  0.0053317
347  0.00452109
348  0.0032953
349  0.00359486
350  0.00534172
351  0.00220731
352  -0.00197334
353  0.00215765
354  0.000178125
355  -0.000823036
356  0.00014628
357  -0.00295312
358  -0.000418063
359  0.00378493
360  0.000680079
361  0.00186283
362  0.00349805
363  0.00506139
364  0.00728181
365  0.00308931
366  -0.00306995
367  -0.00355855
368  0.00461466
369  0.00669976
370  0.00189893
371  0.00135395
372  -6.95469e-06
373  0.000984103
374  0.00151449
375  -0.00150002
376  4.76571e-05
377  0.00115841
378  -0.00240915
379  9.21711e-06
380  -0.00358624
381  -0.000734293
382  -0.000932145
383  -0.000262534
384  -0.00168734
385  -0.00107251
386  0.00396682
387  0.00275498
388  -0.00442782
389  -0.00729562
390  -0.000974967
391  -0.00221672
392  -0.00301703
393  -2.22922e-05
394  0.00154801
395  0.000795047
396  0.00246474
397  0.000687294
398  0.00199604
399  -0.00406477
