total DFI time:0.01seconds
 frequency resolution:27.8111
frequency grid number:30
w1    w3     rephasing   non-rephasing  total:30
w1    w3     I_r I_nr I_total
-305.8149539  -305.8149539  2.350284821  0.9276864481  3.277971269  
-305.8149539  -278.0038464  2.551536106  0.4756454533  3.027181559  
-305.8149539  -250.1927389  2.847684048  0.1725159066  3.020199954  
-305.8149539  -222.3816314  3.072131786  0.08507979004  3.157211576  
-305.8149539  -194.5705239  3.602962117  -0.1480825833  3.454879534  
-305.8149539  -166.7594163  3.892508522  -0.1565122952  3.735996227  
-305.8149539  -138.9483088  4.078234644  -0.1212228174  3.957011827  
-305.8149539  -111.1372013  3.233453194  0.6576011794  3.891054373  
-305.8149539  -83.3260938  2.744174925  1.184349268  3.928524194  
-305.8149539  -55.51498629  1.487104844  2.042248139  3.529352983  
-305.8149539  -27.70387877  -0.4768118549  2.730216002  2.253404147  
-305.8149539  0.10722874  1.529756573  2.758657564  4.288414138  
-305.8149539  27.91833625  -2.301253093  3.666938136  1.365685043  
-305.8149539  55.72944377  1.784561916  3.857662185  5.642224101  
-305.8149539  83.54055128  -2.874640234  3.311315549  0.4366753148  
-305.8149539  111.3516588  -0.2603759552  3.062457637  2.802081681  
-305.8149539  139.1627663  -1.116116637  2.69848391  1.582367273  
-305.8149539  166.9738738  0.2801901991  2.297403312  2.577593512  
-305.8149539  194.7849813  0.8336335816  2.200167637  3.033801219  
-305.8149539  222.5960889  1.196166998  1.951576559  3.147743556  
-305.8149539  250.4071964  1.175233487  1.884563306  3.059796793  
-278.0038464  -305.8149539  2.406818279  0.3642749742  2.771093254  
-278.0038464  -278.0038464  2.979796714  -0.5292599555  2.450536758  
-278.0038464  -250.1927389  3.225098345  0.4396580457  3.664756391  
-278.0038464  -222.3816314  3.715070292  -0.1076443961  3.607425896  
-278.0038464  -194.5705239  4.367406251  -0.4446712547  3.922734996  
-278.0038464  -166.7594163  4.956743014  -0.6124962515  4.344246762  
-278.0038464  -138.9483088  5.468854014  -0.6306618687  4.838192145  
-278.0038464  -111.1372013  4.870737802  0.1707035771  5.041441379  
-278.0038464  -83.3260938  4.235037492  0.6674421069  4.902479598  
-278.0038464  -55.51498629  1.277545262  1.854124804  3.131670066  
-278.0038464  -27.70387877  1.098522746  2.413217715  3.51174046  
-278.0038464  0.10722874  0.116067344  3.059373125  3.175440469  
-278.0038464  27.91833625  -0.6080030445  3.597695933  2.989692889  
-278.0038464  55.72944377  -3.426515049  4.084388243  0.6578731944  
-278.0038464  83.54055128  -1.020042661  4.075503263  3.055460602  
-278.0038464  111.3516588  -1.058141524  3.331471105  2.273329581  
-278.0038464  139.1627663  -1.014589114  2.948555409  1.933966296  
-278.0038464  166.9738738  0.3559552642  2.701251433  3.057206697  
-278.0038464  194.7849813  0.3639945474  2.343586454  2.707581001  
-278.0038464  222.5960889  0.7839137267  2.178173152  2.962086878  
-278.0038464  250.4071964  0.8972145086  1.969958425  2.867172933  
-250.1927389  -305.8149539  2.996026838  0.2138854941  3.209912332  
-250.1927389  -278.0038464  3.173675849  0.5010668592  3.674742708  
-250.1927389  -250.1927389  3.874587065  -0.209355858  3.665231207  
-250.1927389  -222.3816314  4.359108643  0.5196666162  4.878775259  
-250.1927389  -194.5705239  4.918661817  -0.8262225431  4.092439273  
-250.1927389  -166.7594163  5.747893874  -0.5639641118  5.183929762  
-250.1927389  -138.9483088  7.138565511  -0.5042818062  6.634283705  
-250.1927389  -111.1372013  6.340436951  0.1057250756  6.446162027  
-250.1927389  -83.3260938  3.7353565  1.038598985  4.773955484  
-250.1927389  -55.51498629  3.173935333  1.989936985  5.163872319  
-250.1927389  -27.70387877  0.3946309858  2.560627729  2.955258715  
-250.1927389  0.10722874  -0.1411505867  3.287772639  3.146622052  
-250.1927389  27.91833625  -1.391246217  4.20998253  2.818736313  
-250.1927389  55.72944377  -2.240421377  4.545615271  2.305193895  
-250.1927389  83.54055128  -2.656927621  4.431905046  1.774977425  
-250.1927389  111.3516588  -1.058134173  4.010309595  2.952175422  
-250.1927389  139.1627663  -0.6701027084  3.316856573  2.646753865  
-250.1927389  166.9738738  -0.6747492767  2.94028494  2.265535664  
-250.1927389  194.7849813  -0.7050010703  2.615300748  1.910299678  
-250.1927389  222.5960889  0.3032739582  2.35814844  2.661422398  
-250.1927389  250.4071964  0.4229082692  2.156451878  2.579360147  
-222.3816314  -305.8149539  3.36039118  0.134572635  3.494963815  
-222.3816314  -278.0038464  3.634515871  -0.09567182202  3.538844049  
-222.3816314  -250.1927389  4.359940867  0.505200404  4.865141271  
-222.3816314  -222.3816314  5.33223778  -1.379466256  3.952771524  
-222.3816314  -194.5705239  6.006357431  -1.797128657  4.209228775  
-222.3816314  -166.7594163  6.87758018  -1.658196284  5.219383897  
-222.3816314  -138.9483088  7.966243094  -1.199399185  6.766843909  
-222.3816314  -111.1372013  6.945496767  0.1627828898  7.108279657  
-222.3816314  -83.3260938  8.982529485  0.8737290778  9.856258562  
-222.3816314  -55.51498629  4.804947095  2.464068246  7.269015341  
-222.3816314  -27.70387877  1.301716094  3.32692728  4.628643374  
-222.3816314  0.10722874  1.682845403  3.462869604  5.145715007  
-222.3816314  27.91833625  -3.883214686  5.033086985  1.149872299  
-222.3816314  55.72944377  -3.476169567  5.64985026  2.173680693  
-222.3816314  83.54055128  -4.901412736  5.209340386  0.3079276497  
-222.3816314  111.3516588  -3.650717473  4.711914402  1.061196929  
-222.3816314  139.1627663  -2.344430093  4.012972689  1.668542596  
-222.3816314  166.9738738  -1.874871346  3.444598006  1.569726661  
-222.3816314  194.7849813  -0.4625786456  3.108548512  2.645969867  
-222.3816314  222.5960889  -0.403312736  2.597158294  2.193845558  
-222.3816314  250.4071964  -0.4120678424  2.453424916  2.041357074  
-194.5705239  -305.8149539  3.482634506  -0.188857825  3.293776681  
-194.5705239  -278.0038464  4.143543987  -0.4786265701  3.664917417  
-194.5705239  -250.1927389  5.125674572  -1.077074297  4.048600275  
-194.5705239  -222.3816314  6.029610327  -1.716184708  4.313425619  
-194.5705239  -194.5705239  8.087090505  -1.642919131  6.444171374  
-194.5705239  -166.7594163  9.203228504  -1.514066988  7.689161516  
-194.5705239  -138.9483088  10.24275877  -1.354390729  8.888368043  
-194.5705239  -111.1372013  11.5649176  0.09032343635  11.65524103  
-194.5705239  -83.3260938  7.396396646  0.9397120789  8.336108725  
-194.5705239  -55.51498629  5.551730518  2.785745185  8.337475703  
-194.5705239  -27.70387877  3.731044234  3.433020337  7.164064572  
-194.5705239  0.10722874  2.689987184  4.428047076  7.11803426  
-194.5705239  27.91833625  -0.9037832748  5.414111788  4.510328513  
-194.5705239  55.72944377  -2.896538926  6.305229741  3.408690815  
-194.5705239  83.54055128  -6.209787632  6.405992037  0.196204405  
-194.5705239  111.3516588  -1.856672205  5.326139919  3.469467713  
-194.5705239  139.1627663  -1.59899385  4.535354128  2.936360278  
-194.5705239  166.9738738  -1.919325162  4.043743389  2.124418227  
-194.5705239  194.7849813  -1.145723812  3.398092955  2.252369142  
-194.5705239  222.5960889  -1.129623668  3.000469348  1.87084568  
-194.5705239  250.4071964  -0.3171367904  2.63764605  2.32050926  
-166.7594163  -305.8149539  3.885983699  -0.1564806855  3.729503014  
-166.7594163  -278.0038464  4.739418069  -0.5687255607  4.170692508  
-166.7594163  -250.1927389  5.553740281  -0.6394529566  4.914287324  
-166.7594163  -222.3816314  6.819814536  -1.572970258  5.246844278  
-166.7594163  -194.5705239  9.416884915  -1.420449383  7.996435532  
-166.7594163  -166.7594163  12.21288907  -0.3884380341  11.82445104  
-166.7594163  -138.9483088  16.02598532  0.02667201211  16.05265733  
-166.7594163  -111.1372013  13.39300886  1.304741555  14.69775042  
-166.7594163  -83.3260938  15.28275431  2.287364046  17.57011836  
-166.7594163  -55.51498629  11.94931821  3.948214496  15.8975327  
-166.7594163  -27.70387877  3.386317854  4.612598258  7.998916112  
-166.7594163  0.10722874  1.793135194  5.135452389  6.928587583  
-166.7594163  27.91833625  -2.150318905  6.943005473  4.792686568  
-166.7594163  55.72944377  -5.136596079  7.550046396  2.413450318  
-166.7594163  83.54055128  -4.233990309  7.165922986  2.931932676  
-166.7594163  111.3516588  -6.33649462  6.555534827  0.2190402069  
-166.7594163  139.1627663  -2.7989554  5.312346762  2.513391362  
-166.7594163  166.9738738  -1.042467685  4.516910257  3.474442572  
-166.7594163  194.7849813  -1.658241625  4.011957994  2.353716369  
-166.7594163  222.5960889  -0.2986554448  3.356898884  3.058243439  
-166.7594163  250.4071964  -0.7213734887  2.987302546  2.265929057  
-138.9483088  -305.8149539  3.303398013  -0.2060017496  3.097396263  
-138.9483088  -278.0038464  4.039217904  -0.6465055744  3.392712329  
-138.9483088  -250.1927389  4.866786262  -0.6737971029  4.192989159  
-138.9483088  -222.3816314  6.02119833  -1.211061529  4.810136801  
-138.9483088  -194.5705239  8.166409564  -1.333884372  6.832525193  
-138.9483088  -166.7594163  10.80038088  -0.4609646667  10.33941622  
-138.9483088  -138.9483088  17.56104151  -2.203757005  15.3572845  
-138.9483088  -111.1372013  22.41220924  4.15439007  26.56659931  
-138.9483088  -83.3260938  20.39084269  3.486503921  23.87734661  
-138.9483088  -55.51498629  18.73308095  6.184427887  24.91750884  
-138.9483088  -27.70387877  12.85547641  6.787165125  19.64264153  
-138.9483088  0.10722874  10.07434494  6.473969935  16.54831487  
-138.9483088  27.91833625  0.6840302904  8.734301185  9.418331475  
-138.9483088  55.72944377  -5.899091129  9.644300998  3.74520987  
-138.9483088  83.54055128  -8.62967099  8.912242192  0.282571202  
-138.9483088  111.3516588  -6.390598367  7.821744804  1.431146437  
-138.9483088  139.1627663  -4.899317708  6.521663031  1.622345323  
-138.9483088  166.9738738  -3.340523104  5.517100983  2.176577879  
-138.9483088  194.7849813  -2.008969456  4.814092538  2.805123082  
-138.9483088  222.5960889  -1.114974937  3.92998752  2.815012584  
-138.9483088  250.4071964  -0.5700877495  3.550544685  2.980456936  
-111.1372013  -305.8149539  2.960811276  0.6770979722  3.637909248  
-111.1372013  -278.0038464  3.330917753  0.3197736067  3.650691359  
-111.1372013  -250.1927389  4.163427529  0.1318679855  4.295295514  
-111.1372013  -222.3816314  5.591695801  0.2819519872  5.873647789  
-111.1372013  -194.5705239  7.339645371  0.4368000953  7.776445467  
-111.1372013  -166.7594163  9.942515294  1.503245704  11.445761  
-111.1372013  -138.9483088  15.69570097  4.754552875  20.45025384  
-111.1372013  -111.1372013  21.67087328  4.161622512  25.83249579  
-111.1372013  -83.3260938  27.3824806  2.091841935  29.47432253  
-111.1372013  -55.51498629  27.80215884  6.080033845  33.88219268  
-111.1372013  -27.70387877  19.55620351  6.754256679  26.31046019  
-111.1372013  0.10722874  16.01645924  7.665356759  23.681816  
-111.1372013  27.91833625  7.769775897  9.187280047  16.95705594  
-111.1372013  55.72944377  1.709151421  10.58048974  12.28964116  
-111.1372013  83.54055128  -6.651303294  10.29617483  3.644871532  
-111.1372013  111.3516588  -5.650172442  8.602632765  2.952460323  
-111.1372013  139.1627663  -5.285351947  7.205574006  1.920222059  
-111.1372013  166.9738738  -3.594224209  6.130988606  2.536764398  
-111.1372013  194.7849813  -2.612990937  5.203304508  2.590313571  
-111.1372013  222.5960889  -2.109038767  4.535519287  2.426480521  
-111.1372013  250.4071964  -1.283652349  3.845872788  2.562220439  
-83.3260938  -305.8149539  1.935720612  1.162909639  3.098630251  
-83.3260938  -278.0038464  2.185776331  0.7730017783  2.958778109  
-83.3260938  -250.1927389  2.886054869  1.047805302  3.933860171  
-83.3260938  -222.3816314  3.199150047  0.8673754927  4.06652554  
-83.3260938  -194.5705239  4.386967548  1.071778909  5.458746457  
-83.3260938  -166.7594163  7.58216947  2.179965847  9.762135317  
-83.3260938  -138.9483088  11.16168793  3.071996083  14.23368401  
-83.3260938  -111.1372013  18.24266104  2.486082766  20.7287438  
-83.3260938  -83.3260938  26.10938691  10.67970423  36.78909114  
-83.3260938  -55.51498629  31.83877031  11.16111983  42.99989013  
-83.3260938  -27.70387877  30.59747484  9.913551058  40.5110259  
-83.3260938  0.10722874  25.7072997  8.690117095  34.39741679  
-83.3260938  27.91833625  17.07148179  12.05395211  29.1254339  
-83.3260938  55.72944377  5.803231531  12.75413402  18.55736556  
-83.3260938  83.54055128  -2.565654695  11.44770785  8.882053156  
-83.3260938  111.3516588  -3.591242942  10.34118317  6.74994023  
-83.3260938  139.1627663  -3.209409564  8.219697375  5.010287811  
-83.3260938  166.9738738  -3.308981271  6.740456017  3.431474746  
-83.3260938  194.7849813  -2.065544492  6.028262417  3.962717924  
-83.3260938  222.5960889  -2.038322387  4.935808073  2.897485686  
-83.3260938  250.4071964  -1.690306342  4.349542079  2.659235737  
-55.51498629  -305.8149539  0.8369382738  2.11596678  2.952905054  
-55.51498629  -278.0038464  1.080004159  2.065829669  3.145833828  
-55.51498629  -250.1927389  1.409926752  2.165443165  3.575369916  
-55.51498629  -222.3816314  2.023323914  2.635303536  4.65862745  
-55.51498629  -194.5705239  2.140910565  3.151603593  5.292514158  
-55.51498629  -166.7594163  4.279150215  4.223268537  8.502418752  
-55.51498629  -138.9483088  7.404738149  6.264926753  13.6696649  
-55.51498629  -111.1372013  16.09279265  6.771666876  22.86445952  
-55.51498629  -83.3260938  22.61801136  10.15657068  32.77458203  
-55.51498629  -55.51498629  32.02598375  6.092556944  38.11854069  
-55.51498629  -27.70387877  35.26822383  10.4723704  45.74059423  
-55.51498629  0.10722874  30.51605012  8.572375102  39.08842522  
-55.51498629  27.91833625  24.43240064  12.43577855  36.86817919  
-55.51498629  55.72944377  12.36555356  14.50508915  26.8706427  
-55.51498629  83.54055128  -1.169600362  13.02081401  11.85121364  
-55.51498629  111.3516588  -4.651561068  10.66708191  6.015520844  
-55.51498629  139.1627663  -3.165922531  8.903059225  5.737136693  
-55.51498629  166.9738738  -1.368642566  7.283627748  5.914985182  
-55.51498629  194.7849813  -0.8698126672  6.156721063  5.286908396  
-55.51498629  222.5960889  -0.1812887705  5.263426054  5.082137284  
-55.51498629  250.4071964  -0.7224763554  4.621665021  3.899188666  
-27.70387877  -305.8149539  0.5520479413  2.804794387  3.356842328  
-27.70387877  -278.0038464  0.6985819136  2.599864204  3.298446117  
-27.70387877  -250.1927389  0.6603850016  2.750431784  3.410816785  
-27.70387877  -222.3816314  0.7798840211  3.427619025  4.207503046  
-27.70387877  -194.5705239  1.211945527  3.702593259  4.914538786  
-27.70387877  -166.7594163  2.316491801  4.845960073  7.162451874  
-27.70387877  -138.9483088  3.178164577  6.772886114  9.951050691  
-27.70387877  -111.1372013  8.325842092  7.25412107  15.57996316  
-27.70387877  -83.3260938  15.19443291  9.783245182  24.97767809  
-27.70387877  -55.51498629  27.92472346  10.64363947  38.56836292  
-27.70387877  -27.70387877  40.06795152  3.820133451  43.88808497  
-27.70387877  0.10722874  43.95608318  8.281079791  52.23716298  
-27.70387877  27.91833625  39.86958671  13.11821141  52.98779811  
-27.70387877  55.72944377  27.70102768  15.97896365  43.67999133  
-27.70387877  83.54055128  11.71033307  14.36855028  26.07888335  
-27.70387877  111.3516588  1.275107941  11.44940427  12.72451221  
-27.70387877  139.1627663  -1.909777057  9.248937393  7.339160336  
-27.70387877  166.9738738  -2.328996454  7.318209049  4.989212595  
-27.70387877  194.7849813  -1.027469231  6.219546051  5.19207682  
-27.70387877  222.5960889  -0.8787262382  5.463135512  4.584409274  
-27.70387877  250.4071964  -0.3283702222  4.46649337  4.138123148  
0.10722874  -305.8149539  -0.368168998  2.859195203  2.491026205  
0.10722874  -278.0038464  -0.687855624  3.171634668  2.483779044  
0.10722874  -250.1927389  -0.6672735457  3.412496514  2.745222968  
0.10722874  -222.3816314  -1.564757521  3.545812064  1.981054543  
0.10722874  -194.5705239  -2.004231067  4.502892798  2.49866173  
0.10722874  -166.7594163  -1.239794957  5.190084083  3.950289126  
0.10722874  -138.9483088  -1.281304347  6.26983728  4.988532933  
0.10722874  -111.1372013  3.283479038  7.57537563  10.85885467  
0.10722874  -83.3260938  8.352401959  8.220247899  16.57264986  
0.10722874  -55.51498629  14.57999189  8.126803168  22.70679506  
0.10722874  -27.70387877  28.08599608  9.541029544  37.62702563  
0.10722874  0.10722874  41.87343809  21.28098349  63.15442159  
0.10722874  27.91833625  43.31578127  23.14236266  66.45814393  
0.10722874  55.72944377  37.10080237  20.59690627  57.69770864  
0.10722874  83.54055128  23.83411377  17.01784246  40.85195623  
0.10722874  111.3516588  8.997476156  13.33855589  22.33603204  
0.10722874  139.1627663  5.570913273  9.815309993  15.38622327  
0.10722874  166.9738738  2.622214816  7.941088049  10.56330287  
0.10722874  194.7849813  2.771158733  6.434216411  9.205375144  
0.10722874  222.5960889  1.945277896  5.283491986  7.228769881  
0.10722874  250.4071964  1.328780603  4.893781054  6.222561657  
27.91833625  -305.8149539  -0.4982380738  3.814053743  3.315815669  
27.91833625  -278.0038464  -1.017430272  3.879320638  2.861890366  
27.91833625  -250.1927389  -1.669067174  4.443034085  2.773966911  
27.91833625  -222.3816314  -2.291004473  5.268807914  2.977803441  
27.91833625  -194.5705239  -3.215911192  5.799194012  2.58328282  
27.91833625  -166.7594163  -3.52214023  7.236106254  3.713966024  
27.91833625  -138.9483088  -4.508585111  8.948623379  4.440038268  
27.91833625  -111.1372013  -4.484937783  9.658364029  5.173426246  
27.91833625  -83.3260938  -0.7624915718  12.10752523  11.34503366  
27.91833625  -55.51498629  3.791813535  12.78935938  16.58117292  
27.91833625  -27.70387877  11.82302725  13.86114686  25.68417411  
27.91833625  0.10722874  27.2398858  21.52015849  48.76004429  
27.91833625  27.91833625  44.16353937  10.54174199  54.70528136  
27.91833625  55.72944377  43.53922309  22.48484469  66.02406778  
27.91833625  83.54055128  33.8849592  15.74120604  49.62616524  
27.91833625  111.3516588  22.08348728  10.89854207  32.98202935  
27.91833625  139.1627663  10.96997477  8.046465323  19.0164401  
27.91833625  166.9738738  7.469702561  5.702040643  13.1717432  
27.91833625  194.7849813  6.582827109  4.78889478  11.37172189  
27.91833625  222.5960889  5.56012085  3.894900334  9.455021185  
27.91833625  250.4071964  4.36639278  3.296851368  7.663244148  
55.72944377  -305.8149539  -0.4834410955  3.992154354  3.508713258  
55.72944377  -278.0038464  -1.198339884  4.327388351  3.129048467  
55.72944377  -250.1927389  -1.607510903  4.861596775  3.254085873  
55.72944377  -222.3816314  -2.013892708  5.854964894  3.841072185  
55.72944377  -194.5705239  -4.248167636  6.66855447  2.420386835  
55.72944377  -166.7594163  -4.250584134  7.956239376  3.705655241  
55.72944377  -138.9483088  -4.370839154  9.846092892  5.475253739  
55.72944377  -111.1372013  -6.521459115  11.13035011  4.608890997  
55.72944377  -83.3260938  -5.275709965  13.16869208  7.892982116  
55.72944377  -55.51498629  -3.133868037  14.97761901  11.84375098  
55.72944377  -27.70387877  -0.8913535953  17.18522516  16.29387157  
55.72944377  0.10722874  9.463717657  20.51420219  29.97791985  
55.72944377  27.91833625  18.23647127  24.51243046  42.74890173  
55.72944377  55.72944377  32.88784141  24.6092752  57.49711661  
55.72944377  83.54055128  28.84597611  10.40579705  39.25177316  
55.72944377  111.3516588  23.11676885  5.519185518  28.63595437  
55.72944377  139.1627663  15.99768292  3.326646953  19.32432988  
55.72944377  166.9738738  8.984940069  1.859560595  10.84450066  
55.72944377  194.7849813  7.32813945  1.379454597  8.707594047  
55.72944377  222.5960889  6.1435814  1.408669441  7.552250842  
55.72944377  250.4071964  5.147276261  1.000796633  6.148072894  
83.54055128  -305.8149539  0.02317055742  3.423022753  3.446193311  
83.54055128  -278.0038464  -0.9630710421  4.180848998  3.217777956  
83.54055128  -250.1927389  -1.357978889  4.639271248  3.281292358  
83.54055128  -222.3816314  -2.285811801  5.37840951  3.09259771  
83.54055128  -194.5705239  -2.43977997  6.567484633  4.127704663  
83.54055128  -166.7594163  -4.281925968  7.407515623  3.125589655  
83.54055128  -138.9483088  -4.319899523  8.961735845  4.641836322  
83.54055128  -111.1372013  -4.653229283  10.40831164  5.755082354  
83.54055128  -83.3260938  -3.505273391  11.4761055  7.970832107  
83.54055128  -55.51498629  -5.447280469  12.95487948  7.507599011  
83.54055128  -27.70387877  -1.673585036  14.4415338  12.76794877  
83.54055128  0.10722874  -0.1748691619  16.44879216  16.273923  
83.54055128  27.91833625  12.26201099  14.67788123  26.93989221  
83.54055128  55.72944377  19.24541276  9.240482331  28.48589509  
83.54055128  83.54055128  23.47803278  0.4492035869  23.92723637  
83.54055128  111.3516588  19.22091491  0.7191742518  19.94008917  
83.54055128  139.1627663  14.59731673  -0.1387556123  14.45856112  
83.54055128  166.9738738  10.41304498  -0.5107095582  9.902335421  
83.54055128  194.7849813  7.734040568  -0.969837152  6.764203416  
83.54055128  222.5960889  6.474320267  -0.6389474207  5.835372846  
83.54055128  250.4071964  5.226346304  -0.1047034552  5.121642849  
111.3516588  -305.8149539  0.3470015433  3.116225611  3.463227155  
111.3516588  -278.0038464  0.2191196313  3.442816135  3.661935767  
111.3516588  -250.1927389  -0.6905715372  4.10517409  3.414602553  
111.3516588  -222.3816314  -1.487662419  4.834020769  3.346358351  
111.3516588  -194.5705239  -1.762570849  5.493992011  3.731421162  
111.3516588  -166.7594163  -2.51436389  6.693068164  4.178704274  
111.3516588  -138.9483088  -3.09480079  7.909753323  4.814952533  
111.3516588  -111.1372013  -2.939397043  8.74376017  5.804363127  
111.3516588  -83.3260938  -4.128552909  10.30026079  6.171707883  
111.3516588  -55.51498629  -1.800118414  10.66020318  8.860084762  
111.3516588  -27.70387877  -3.737853568  11.37970412  7.641850552  
111.3516588  0.10722874  0.0528648316  12.6792779  12.73214273  
111.3516588  27.91833625  4.003456323  10.51412401  14.51758034  
111.3516588  55.72944377  9.053836464  4.866260635  13.9200971  
111.3516588  83.54055128  14.45982476  1.068782008  15.52860676  
111.3516588  111.3516588  16.11753038  -0.8196057471  15.29792463  
111.3516588  139.1627663  12.65273827  -1.724373705  10.92836457  
111.3516588  166.9738738  9.696622067  -1.601338683  8.095283385  
111.3516588  194.7849813  6.914804303  -1.286363151  5.628441152  
111.3516588  222.5960889  5.830142374  -1.283629276  4.546513097  
111.3516588  250.4071964  5.216986856  -0.8522119772  4.364774879  
139.1627663  -305.8149539  0.375056516  2.676937133  3.051993649  
139.1627663  -278.0038464  0.3171712645  2.981031286  3.29820255  
139.1627663  -250.1927389  -0.2103975221  3.370995603  3.160598081  
139.1627663  -222.3816314  -0.7589211714  3.978824658  3.219903487  
139.1627663  -194.5705239  -2.168239263  4.564112256  2.395872993  
139.1627663  -166.7594163  -2.456886611  5.325188208  2.868301597  
139.1627663  -138.9483088  -3.971843315  6.378584794  2.406741479  
139.1627663  -111.1372013  -2.862029845  7.179590522  4.317560677  
139.1627663  -83.3260938  -5.195347565  8.051513946  2.85616638  
139.1627663  -55.51498629  -0.605763151  8.675066132  8.069302981  
139.1627663  -27.70387877  -1.962302012  9.163652399  7.201350387  
139.1627663  0.10722874  -0.8981174646  9.112412674  8.214295209  
139.1627663  27.91833625  5.45876449  7.506912547  12.96567704  
139.1627663  55.72944377  8.577799094  3.353632422  11.93143152  
139.1627663  83.54055128  9.044819735  -0.291339123  8.753480612  
139.1627663  111.3516588  8.616398634  -1.306200679  7.310197955  
139.1627663  139.1627663  9.6945235  -0.1838056781  9.510717822  
139.1627663  166.9738738  7.77031972  -2.144192427  5.626127294  
139.1627663  194.7849813  5.787870457  -1.678460545  4.109409911  
139.1627663  222.5960889  5.18198846  -1.010253845  4.171734615  
139.1627663  250.4071964  4.469499921  -0.9494628764  3.520037044  
166.9738738  -305.8149539  0.9416288923  2.297731326  3.239360218  
166.9738738  -278.0038464  0.2391276073  2.701848469  2.940976076  
166.9738738  -250.1927389  0.3099843013  2.992282377  3.302266679  
166.9738738  -222.3816314  -0.1658046505  3.451346455  3.285541805  
166.9738738  -194.5705239  -0.04044079308  4.045206239  4.004765446  
166.9738738  -166.7594163  -1.205454234  4.533463576  3.328009342  
166.9738738  -138.9483088  -0.864677798  5.391585632  4.526907834  
166.9738738  -111.1372013  -0.8419980285  6.011296519  5.169298491  
166.9738738  -83.3260938  -1.989275793  6.518493627  4.529217834  
166.9738738  -55.51498629  -3.076934864  6.97262349  3.895688626  
166.9738738  -27.70387877  -2.466502052  7.031669131  4.565167079  
166.9738738  0.10722874  -1.63667064  7.381320512  5.744649872  
166.9738738  27.91833625  -0.2304410788  5.093281642  4.862840563  
166.9738738  55.72944377  6.91150174  1.608752115  8.520253855  
166.9738738  83.54055128  8.925819442  -0.3742780778  8.551541364  
166.9738738  111.3516588  7.51230393  -1.748714009  5.763589921  
166.9738738  139.1627663  7.045908665  -2.231516799  4.814391866  
166.9738738  166.9738738  6.658119797  -1.593552623  5.064567174  
166.9738738  194.7849813  4.977445496  -1.858271269  3.119174227  
166.9738738  222.5960889  4.40124218  -1.268435152  3.132807028  
166.9738738  250.4071964  3.624804313  -0.5021020978  3.122702215  
194.7849813  -305.8149539  1.15592287  2.200290973  3.356213843  
194.7849813  -278.0038464  0.3989788725  2.359440412  2.758419284  
194.7849813  -250.1927389  0.1952732683  2.63834722  2.833620488  
194.7849813  -222.3816314  0.0360649596  3.118926462  3.154991422  
194.7849813  -194.5705239  -0.9559063957  3.427435463  2.471529067  
194.7849813  -166.7594163  -1.367872036  4.03883399  2.670961954  
194.7849813  -138.9483088  -1.85656936  4.773512394  2.916943033  
194.7849813  -111.1372013  -1.486162403  5.175115018  3.688952614  
194.7849813  -83.3260938  -0.01703105422  5.910604466  5.893573412  
194.7849813  -55.51498629  -1.724881279  5.986399743  4.261518464  
194.7849813  -27.70387877  1.292881229  6.024694338  7.317575567  
194.7849813  0.10722874  1.308945725  5.962861063  7.271806788  
194.7849813  27.91833625  1.783656877  4.486701503  6.27035838  
194.7849813  55.72944377  3.820808977  1.238903332  5.059712309  
194.7849813  83.54055128  6.041858224  -0.9928499076  5.049008317  
194.7849813  111.3516588  6.844318225  -1.122039553  5.722278672  
194.7849813  139.1627663  5.274100321  -1.781393533  3.492706788  
194.7849813  166.9738738  4.866197675  -1.916757704  2.949439971  
194.7849813  194.7849813  4.371068188  -1.991565171  2.379503017  
194.7849813  222.5960889  3.855253714  -0.596086786  3.259166928  
194.7849813  250.4071964  3.161704584  -0.4924211956  2.669283389  
222.5960889  -305.8149539  1.454967225  1.942250332  3.397217557  
222.5960889  -278.0038464  1.108860845  2.175082879  3.283943724  
222.5960889  -250.1927389  0.875595779  2.36301231  3.238608089  
222.5960889  -222.3816314  0.6330916529  2.558106797  3.19119845  
222.5960889  -194.5705239  -0.2876477977  2.968435771  2.680787973  
222.5960889  -166.7594163  0.2677108257  3.313699905  3.58141073  
222.5960889  -138.9483088  -1.796045979  3.80275815  2.006712171  
222.5960889  -111.1372013  -2.058246789  4.424987205  2.366740416  
222.5960889  -83.3260938  0.3570992525  4.76017939  5.117278642  
222.5960889  -55.51498629  -1.336502553  5.052656144  3.716153591  
222.5960889  -27.70387877  -1.641690529  5.301735876  3.660045347  
222.5960889  0.10722874  -0.9468501929  4.856263324  3.909413131  
222.5960889  27.91833625  2.1708024  3.569336159  5.740138559  
222.5960889  55.72944377  4.511283168  1.422971927  5.934255094  
222.5960889  83.54055128  5.391877469  -0.5761105377  4.815766932  
222.5960889  111.3516588  5.650884588  -1.246982726  4.403901862  
222.5960889  139.1627663  4.803185052  -0.8908825497  3.912302502  
222.5960889  166.9738738  4.442993715  -1.186666868  3.256326846  
222.5960889  194.7849813  3.442767442  -0.3872196908  3.055547751  
222.5960889  222.5960889  3.535467609  0.5980261291  4.133493738  
222.5960889  250.4071964  3.016858789  0.4485688056  3.465427594  
250.4071964  -305.8149539  0.975459529  1.874518165  2.849977694  
250.4071964  -278.0038464  0.665085832  1.98159866  2.646684492  
250.4071964  -250.1927389  0.7392057362  2.179353715  2.918559451  
250.4071964  -222.3816314  1.124735287  2.453706742  3.578442029  
250.4071964  -194.5705239  -0.01438675892  2.650910722  2.636523963  
250.4071964  -166.7594163  0.5070311975  2.981028595  3.488059792  
250.4071964  -138.9483088  -0.6919386069  3.471587515  2.779648908  
250.4071964  -111.1372013  -0.6966336921  3.751091519  3.054457827  
250.4071964  -83.3260938  0.09650872507  4.166079134  4.262587859  
250.4071964  -55.51498629  -0.3263215421  4.386269843  4.059948301  
250.4071964  -27.70387877  1.606279369  4.237414611  5.843693981  
250.4071964  0.10722874  -0.2448104502  4.528592385  4.283781935  
250.4071964  27.91833625  1.643387293  2.957813509  4.601200802  
250.4071964  55.72944377  2.310416002  0.8591835274  3.169599529  
250.4071964  83.54055128  4.722003732  -0.04975676977  4.672246962  
250.4071964  111.3516588  4.924989776  -0.8103752465  4.114614529  
250.4071964  139.1627663  4.217604094  -1.002783356  3.214820738  
250.4071964  166.9738738  3.673946571  -0.4668341432  3.207112428  
250.4071964  194.7849813  2.960398563  -0.4631317369  2.497266826  
250.4071964  222.5960889  3.050499396  0.2563369922  3.306836388  
250.4071964  250.4071964  2.752031905  -0.586440927  2.165590978  
