total DFI time:0seconds
 frequency resolution:27.8111
frequency grid number:30
w1    w3     rephasing   non-rephasing  total:30
w1    w3     I_r I_nr I_total
-305.8149539  -305.8149539  -0.9247639078  -0.9171205954  -1.841884503  
-305.8149539  -278.0038464  -0.1472630942  -1.255207032  -1.402470126  
-305.8149539  -250.1927389  -0.3247244135  -1.328668577  -1.65339299  
-305.8149539  -222.3816314  0.4171851256  -1.711901345  -1.294716219  
-305.8149539  -194.5705239  -0.1342359995  -1.889094379  -2.023330378  
-305.8149539  -166.7594163  0.5394818169  -1.816109165  -1.276627348  
-305.8149539  -138.9483088  0.6850128687  -1.541918161  -0.8569052919  
-305.8149539  -111.1372013  0.4535005955  -1.419993623  -0.966493028  
-305.8149539  -83.3260938  0.05660164402  -1.234035076  -1.177433432  
-305.8149539  -55.51498629  -0.2637073366  -1.095815083  -1.359522419  
-305.8149539  -27.70387877  -0.6096825141  -1.023360727  -1.633043241  
-305.8149539  0.10722874  -0.5525316595  -0.9616712293  -1.514202889  
-305.8149539  27.91833625  -0.6812831824  -0.9060286507  -1.587311833  
-305.8149539  55.72944377  -0.579048142  -0.8515269234  -1.430575065  
-305.8149539  83.54055128  -0.6990749767  -0.785460955  -1.484535932  
-305.8149539  111.3516588  -0.8772642681  -0.7600260253  -1.637290293  
-305.8149539  139.1627663  -0.8195416581  -0.6523040736  -1.471845732  
-305.8149539  166.9738738  -0.9256078575  -0.6365539111  -1.562161769  
-305.8149539  194.7849813  -1.066108779  -0.5544444539  -1.620553233  
-305.8149539  222.5960889  -0.9322509288  -0.495666093  -1.427917022  
-305.8149539  250.4071964  -1.099147846  -0.4168301283  -1.515977974  
-278.0038464  -305.8149539  -1.353554741  -0.730220132  -2.083774874  
-278.0038464  -278.0038464  -0.2195181478  -1.086773516  -1.306291664  
-278.0038464  -250.1927389  -0.5044351717  -1.437804251  -1.942239423  
-278.0038464  -222.3816314  0.1417412151  -1.695343303  -1.553602088  
-278.0038464  -194.5705239  1.454613822  -1.942084275  -0.4874704522  
-278.0038464  -166.7594163  0.8105994654  -2.129559738  -1.318960272  
-278.0038464  -138.9483088  0.6667510628  -1.775966078  -1.109215015  
-278.0038464  -111.1372013  0.377106978  -1.532962052  -1.155855074  
-278.0038464  -83.3260938  0.1716850023  -1.411627956  -1.239942954  
-278.0038464  -55.51498629  -0.1918023126  -1.213683405  -1.405485717  
-278.0038464  -27.70387877  -0.4205673456  -1.134368437  -1.554935783  
-278.0038464  0.10722874  -0.310471423  -1.012916187  -1.32338761  
-278.0038464  27.91833625  -0.6270325427  -0.9369117588  -1.563944302  
-278.0038464  55.72944377  -0.9727420894  -0.8836505762  -1.856392666  
-278.0038464  83.54055128  -0.5934770479  -0.802054835  -1.395531883  
-278.0038464  111.3516588  -0.6064427758  -0.7648354979  -1.371278274  
-278.0038464  139.1627663  -0.7927098121  -0.6553551577  -1.44806497  
-278.0038464  166.9738738  -0.7286766227  -0.6194189573  -1.34809558  
-278.0038464  194.7849813  -1.091064576  -0.5175691082  -1.608633684  
-278.0038464  222.5960889  -1.156150682  -0.4253831034  -1.581533785  
-278.0038464  250.4071964  -1.14500731  -0.3341802934  -1.479187603  
-250.1927389  -305.8149539  -1.805733914  -0.7737441445  -2.579478058  
-250.1927389  -278.0038464  -0.5138751756  -1.29945867  -1.813333846  
-250.1927389  -250.1927389  -0.2577977231  -1.366526773  -1.624324496  
-250.1927389  -222.3816314  0.7616236187  -2.033401515  -1.271777896  
-250.1927389  -194.5705239  0.7211186987  -2.213867629  -1.49274893  
-250.1927389  -166.7594163  1.45015357  -2.255716908  -0.8055633379  
-250.1927389  -138.9483088  0.9452757851  -2.112278625  -1.16700284  
-250.1927389  -111.1372013  0.1023804199  -1.783632499  -1.681252079  
-250.1927389  -83.3260938  0.56033101  -1.512497341  -0.9521663314  
-250.1927389  -55.51498629  0.2676683963  -1.379833675  -1.112165279  
-250.1927389  -27.70387877  0.0219570137  -1.219170899  -1.197213885  
-250.1927389  0.10722874  -0.1022210166  -1.110492188  -1.212713204  
-250.1927389  27.91833625  -0.473137022  -1.006368242  -1.479505264  
-250.1927389  55.72944377  -0.4609718272  -0.9078956105  -1.368867438  
-250.1927389  83.54055128  -0.8052677503  -0.8153694834  -1.620637234  
-250.1927389  111.3516588  -0.8371998335  -0.757008259  -1.594208093  
-250.1927389  139.1627663  -0.931214812  -0.6565726993  -1.587787511  
-250.1927389  166.9738738  -0.8165970747  -0.56729574  -1.383892815  
-250.1927389  194.7849813  -1.009013739  -0.5147670384  -1.523780777  
-250.1927389  222.5960889  -1.013420266  -0.4006559661  -1.414076232  
-250.1927389  250.4071964  -1.273677645  -0.2538443156  -1.52752196  
-222.3816314  -305.8149539  -3.181434329  -1.026168655  -4.207602984  
-222.3816314  -278.0038464  -1.284299613  -1.483835913  -2.768135526  
-222.3816314  -250.1927389  -0.8279686058  -1.686773773  -2.514742379  
-222.3816314  -222.3816314  1.144861652  -2.263679629  -1.118817977  
-222.3816314  -194.5705239  1.401261608  -2.665612954  -1.264351346  
-222.3816314  -166.7594163  2.956000956  -2.854394552  0.1016064041  
-222.3816314  -138.9483088  1.464391087  -2.36762611  -0.9032350228  
-222.3816314  -111.1372013  1.74473134  -2.133563045  -0.3888317043  
-222.3816314  -83.3260938  1.051975029  -1.879564627  -0.8275895974  
-222.3816314  -55.51498629  0.1918776116  -1.551701213  -1.359823602  
-222.3816314  -27.70387877  0.4909912074  -1.402143283  -0.9111520755  
-222.3816314  0.10722874  0.05538792726  -1.284048087  -1.22866016  
-222.3816314  27.91833625  -0.1370784377  -1.104415484  -1.241493922  
-222.3816314  55.72944377  -0.3858855243  -1.027417887  -1.413303411  
-222.3816314  83.54055128  -0.6245062147  -0.9239303798  -1.548436594  
-222.3816314  111.3516588  -0.71583698  -0.7813328502  -1.49716983  
-222.3816314  139.1627663  -0.8374666889  -0.6983065097  -1.535773199  
-222.3816314  166.9738738  -1.059050302  -0.6195873882  -1.67863769  
-222.3816314  194.7849813  -1.128240208  -0.4386224523  -1.56686266  
-222.3816314  222.5960889  -1.232341872  -0.4142529084  -1.64659478  
-222.3816314  250.4071964  -1.447998299  -0.274725896  -1.722724195  
-194.5705239  -305.8149539  -3.419028176  -1.062775744  -4.48180392  
-194.5705239  -278.0038464  -1.769934447  -1.610365409  -3.380299856  
-194.5705239  -250.1927389  -1.80191432  -2.02142562  -3.823339939  
-194.5705239  -222.3816314  -0.391453229  -2.543363854  -2.934817083  
-194.5705239  -194.5705239  1.486290551  -2.957505341  -1.47121479  
-194.5705239  -166.7594163  2.213971959  -3.331130684  -1.117158725  
-194.5705239  -138.9483088  2.295592701  -2.832261143  -0.5366684422  
-194.5705239  -111.1372013  0.4364500049  -2.398744268  -1.962294263  
-194.5705239  -83.3260938  0.8403975976  -2.130948946  -1.290551348  
-194.5705239  -55.51498629  1.024217802  -1.78715322  -0.7629354177  
-194.5705239  -27.70387877  0.2993647786  -1.585285147  -1.285920368  
-194.5705239  0.10722874  0.4052233595  -1.38122538  -0.9760020203  
-194.5705239  27.91833625  0.1744433536  -1.201545871  -1.027102517  
-194.5705239  55.72944377  -0.290926838  -1.08295321  -1.373880048  
-194.5705239  83.54055128  -0.3975130646  -0.9420172551  -1.33953032  
-194.5705239  111.3516588  -0.4318727838  -0.8159141502  -1.247786934  
-194.5705239  139.1627663  -0.758436742  -0.6850524645  -1.443489206  
-194.5705239  166.9738738  -0.8530241871  -0.5672672107  -1.420291398  
-194.5705239  194.7849813  -1.048404713  -0.4150461339  -1.463450847  
-194.5705239  222.5960889  -1.279232135  -0.2885579613  -1.567790097  
-194.5705239  250.4071964  -1.464961837  -0.1274488777  -1.592410715  
-166.7594163  -305.8149539  -7.043055786  -1.707913629  -8.750969416  
-166.7594163  -278.0038464  -3.135949123  -2.29563655  -5.431585673  
-166.7594163  -250.1927389  -0.9959853404  -2.255114062  -3.251099403  
-166.7594163  -222.3816314  0.2105968614  -3.329409408  -3.118812547  
-166.7594163  -194.5705239  2.227163461  -3.579921108  -1.352757647  
-166.7594163  -166.7594163  2.254820639  -3.774424197  -1.519603558  
-166.7594163  -138.9483088  2.910647534  -3.414610722  -0.5039631884  
-166.7594163  -111.1372013  2.148215996  -2.838737632  -0.690521636  
-166.7594163  -83.3260938  0.7255678847  -2.426855724  -1.701287839  
-166.7594163  -55.51498629  0.6636787651  -2.091499638  -1.427820873  
-166.7594163  -27.70387877  0.4342073593  -1.75658401  -1.322376651  
-166.7594163  0.10722874  0.2855802473  -1.60811684  -1.322536593  
-166.7594163  27.91833625  0.1887730722  -1.360393635  -1.171620563  
-166.7594163  55.72944377  0.03679611905  -1.167966915  -1.131170796  
-166.7594163  83.54055128  -0.3209005054  -1.062206758  -1.383107263  
-166.7594163  111.3516588  -0.7267047307  -0.8653990406  -1.592103771  
-166.7594163  139.1627663  -0.6595210698  -0.7212217734  -1.380742843  
-166.7594163  166.9738738  -0.9217465385  -0.620857017  -1.542603555  
-166.7594163  194.7849813  -1.09624824  -0.4255685001  -1.52181674  
-166.7594163  222.5960889  -1.263120545  -0.2952233329  -1.558343878  
-166.7594163  250.4071964  -1.539947463  -0.16333103  -1.703278493  
-138.9483088  -305.8149539  -9.603530466  -2.869901359  -12.47343182  
-138.9483088  -278.0038464  -7.523425848  -3.154792409  -10.67821826  
-138.9483088  -250.1927389  -5.944059333  -3.285796079  -9.229855411  
-138.9483088  -222.3816314  -1.737334378  -4.015031137  -5.752365515  
-138.9483088  -194.5705239  1.347306192  -4.532903421  -3.18559723  
-138.9483088  -166.7594163  4.68532501  -4.894687238  -0.2093622279  
-138.9483088  -138.9483088  3.406694755  -3.995608296  -0.5889135411  
-138.9483088  -111.1372013  2.668644795  -3.469619987  -0.8009751928  
-138.9483088  -83.3260938  2.150862339  -3.035698379  -0.8848360395  
-138.9483088  -55.51498629  1.039395255  -2.44580229  -1.406407035  
-138.9483088  -27.70387877  0.7726625073  -2.122699771  -1.350037264  
-138.9483088  0.10722874  0.4137696476  -1.900518068  -1.486748421  
-138.9483088  27.91833625  0.09383977741  -1.575978121  -1.482138343  
-138.9483088  55.72944377  -0.07560729219  -1.404612775  -1.480220067  
-138.9483088  83.54055128  -0.1970342754  -1.242981514  -1.440015789  
-138.9483088  111.3516588  -0.4715459673  -0.9857573304  -1.457303298  
-138.9483088  139.1627663  -0.5729148286  -0.8470215998  -1.419936428  
-138.9483088  166.9738738  -0.7358044473  -0.7136349623  -1.44943941  
-138.9483088  194.7849813  -0.9871254937  -0.4441911777  -1.431316671  
-138.9483088  222.5960889  -1.095526681  -0.3575601845  -1.453086865  
-138.9483088  250.4071964  -1.294666568  -0.1832151966  -1.477881765  
-111.1372013  -305.8149539  -14.20502258  -2.687642871  -16.89266545  
-111.1372013  -278.0038464  -11.74413573  -3.296646677  -15.04078241  
-111.1372013  -250.1927389  -8.15886056  -3.469320967  -11.62818153  
-111.1372013  -222.3816314  -5.796802629  -4.502735767  -10.2995384  
-111.1372013  -194.5705239  -2.086680576  -4.91800484  -7.004685416  
-111.1372013  -166.7594163  2.395994925  -5.395626089  -2.999631165  
-111.1372013  -138.9483088  2.883192731  -4.649694904  -1.766502172  
-111.1372013  -111.1372013  2.994435852  -3.781134727  -0.7866988751  
-111.1372013  -83.3260938  2.005251389  -3.276972653  -1.271721264  
-111.1372013  -55.51498629  1.397806355  -2.785015338  -1.387208983  
-111.1372013  -27.70387877  1.263744092  -2.341517223  -1.077773131  
-111.1372013  0.10722874  0.72611196  -2.063960317  -1.337848357  
-111.1372013  27.91833625  0.4228324779  -1.812745124  -1.389912646  
-111.1372013  55.72944377  0.3086925937  -1.553731826  -1.245039232  
-111.1372013  83.54055128  0.119112897  -1.408852682  -1.289739785  
-111.1372013  111.3516588  -0.3499996762  -1.234939872  -1.584939549  
-111.1372013  139.1627663  -0.4046276901  -1.022130156  -1.426757846  
-111.1372013  166.9738738  -0.6385062371  -0.9289526561  -1.567458893  
-111.1372013  194.7849813  -0.8142646669  -0.7585467575  -1.572811424  
-111.1372013  222.5960889  -0.9029268283  -0.5676748192  -1.470601647  
-111.1372013  250.4071964  -1.205271614  -0.498140735  -1.703412349  
-83.3260938  -305.8149539  -14.97127254  -6.508636412  -21.47990896  
-83.3260938  -278.0038464  -16.59844987  -5.065977009  -21.66442688  
-83.3260938  -250.1927389  -12.85650074  -4.032849978  -16.88935072  
-83.3260938  -222.3816314  -11.48264913  -5.892782473  -17.3754316  
-83.3260938  -194.5705239  -4.129559046  -5.97483069  -10.10438974  
-83.3260938  -166.7594163  -0.3838824718  -6.229065654  -6.612948126  
-83.3260938  -138.9483088  2.129227995  -5.416553558  -3.287325563  
-83.3260938  -111.1372013  1.51835146  -4.363349231  -2.844997771  
-83.3260938  -83.3260938  1.767114092  -3.717478736  -1.950364644  
-83.3260938  -55.51498629  1.162422628  -3.134272241  -1.971849613  
-83.3260938  -27.70387877  1.068358394  -2.56311088  -1.494752487  
-83.3260938  0.10722874  0.9334112628  -2.384324033  -1.45091277  
-83.3260938  27.91833625  0.5005635383  -2.018846908  -1.518283369  
-83.3260938  55.72944377  0.3369382677  -1.726610662  -1.389672395  
-83.3260938  83.54055128  0.06942306669  -1.645158699  -1.575735632  
-83.3260938  111.3516588  -0.0760126216  -1.369146397  -1.445159019  
-83.3260938  139.1627663  -0.1916498338  -1.195964996  -1.38761483  
-83.3260938  166.9738738  -0.4205873673  -1.144325823  -1.56491319  
-83.3260938  194.7849813  -0.3970422414  -0.9024489519  -1.299491193  
-83.3260938  222.5960889  -0.5447345947  -0.7891692673  -1.333903862  
-83.3260938  250.4071964  -0.7779323192  -0.7510518495  -1.528984169  
-55.51498629  -305.8149539  -14.53138778  -3.35243294  -17.88382072  
-55.51498629  -278.0038464  -17.25863251  -4.866798763  -22.12543127  
-55.51498629  -250.1927389  -16.80533997  -4.137818527  -20.9431585  
-55.51498629  -222.3816314  -13.00105746  -5.787212419  -18.78826988  
-55.51498629  -194.5705239  -9.268284306  -6.738346414  -16.00663072  
-55.51498629  -166.7594163  -1.219659809  -7.156826742  -8.376486552  
-55.51498629  -138.9483088  2.077570291  -5.657926005  -3.580355714  
-55.51498629  -111.1372013  1.98778493  -4.740391767  -2.752606837  
-55.51498629  -83.3260938  0.9326558585  -3.969015722  -3.036359864  
-55.51498629  -55.51498629  0.5321763956  -3.242239982  -2.710063586  
-55.51498629  -27.70387877  0.1345352932  -2.7757553  -2.641220007  
-55.51498629  0.10722874  0.3105791171  -2.432366223  -2.121787106  
-55.51498629  27.91833625  0.2184686213  -2.161945241  -1.94347662  
-55.51498629  55.72944377  0.1436158625  -1.939195128  -1.795579265  
-55.51498629  83.54055128  0.1304631109  -1.760845992  -1.630382881  
-55.51498629  111.3516588  0.07388776996  -1.60956279  -1.53567502  
-55.51498629  139.1627663  -0.1574862998  -1.451070907  -1.608557206  
-55.51498629  166.9738738  -0.278996302  -1.358805387  -1.637801689  
-55.51498629  194.7849813  -0.3386855186  -1.246151665  -1.584837183  
-55.51498629  222.5960889  -0.3694536302  -1.145934382  -1.515388012  
-55.51498629  250.4071964  -0.4372713745  -1.104090459  -1.541361834  
-27.70387877  -305.8149539  -11.28252959  -4.595141372  -15.87767097  
-27.70387877  -278.0038464  -18.55450578  -4.477009567  -23.03151535  
-27.70387877  -250.1927389  -21.04531636  -1.265795769  -22.31111213  
-27.70387877  -222.3816314  -22.05718971  -6.979703859  -29.03689357  
-27.70387877  -194.5705239  -15.64825792  -7.133426267  -22.78168419  
-27.70387877  -166.7594163  -9.431940262  -7.688831066  -17.12077133  
-27.70387877  -138.9483088  -1.596434112  -6.474607782  -8.071041895  
-27.70387877  -111.1372013  0.3446788367  -4.811262071  -4.466583234  
-27.70387877  -83.3260938  1.415434595  -3.981712668  -2.566278073  
-27.70387877  -55.51498629  0.5343529901  -3.429376813  -2.895023823  
-27.70387877  -27.70387877  0.6615046585  -2.717187793  -2.055683134  
-27.70387877  0.10722874  0.1004000493  -2.438388915  -2.337988866  
-27.70387877  27.91833625  0.1166505618  -2.24024537  -2.123594808  
-27.70387877  55.72944377  0.04952699525  -1.877814632  -1.828287637  
-27.70387877  83.54055128  -0.2304723492  -1.824398206  -2.054870556  
-27.70387877  111.3516588  -0.07846023255  -1.722499645  -1.800959878  
-27.70387877  139.1627663  -0.179235264  -1.481327235  -1.660562499  
-27.70387877  166.9738738  -0.277518777  -1.515279307  -1.792798084  
-27.70387877  194.7849813  -0.2311269947  -1.440053019  -1.671180013  
-27.70387877  222.5960889  -0.2979866619  -1.254943728  -1.55293039  
-27.70387877  250.4071964  -0.337440145  -1.372477184  -1.70991733  
0.10722874  -305.8149539  -5.589968159  -4.336952572  -9.926920731  
0.10722874  -278.0038464  -11.10689776  -3.765149081  -14.87204684  
0.10722874  -250.1927389  -19.24722572  -8.470493471  -27.71771919  
0.10722874  -222.3816314  -21.50361209  -12.1021387  -33.60575079  
0.10722874  -194.5705239  -20.66388351  -10.42674802  -31.09063152  
0.10722874  -166.7594163  -14.28175269  -9.595471408  -23.8772241  
0.10722874  -138.9483088  -7.062048576  -7.081671904  -14.14372048  
0.10722874  -111.1372013  -2.924247161  -5.590216621  -8.514463783  
0.10722874  -83.3260938  -1.807618729  -4.301836796  -6.109455525  
0.10722874  -55.51498629  -1.346563361  -3.3782434  -4.724806762  
0.10722874  -27.70387877  -1.133224535  -2.888997585  -4.02222212  
0.10722874  0.10722874  -0.7246320893  -2.519735012  -3.244367101  
0.10722874  27.91833625  -0.7303703819  -2.153466003  -2.883836385  
0.10722874  55.72944377  -0.5941754902  -2.039021576  -2.633197066  
0.10722874  83.54055128  -0.5828669287  -1.836727194  -2.419594123  
0.10722874  111.3516588  -0.4876887238  -1.671959698  -2.159648422  
0.10722874  139.1627663  -0.3861557642  -1.674923845  -2.061079609  
0.10722874  166.9738738  -0.3571072224  -1.525340009  -1.882447232  
0.10722874  194.7849813  -0.2531270105  -1.483062453  -1.736189464  
0.10722874  222.5960889  -0.2087288932  -1.518056576  -1.726785469  
0.10722874  250.4071964  -0.08555015018  -1.417181326  -1.502731476  
27.91833625  -305.8149539  -1.06356666  -5.891527012  -6.955093672  
27.91833625  -278.0038464  -4.102724114  -6.957404109  -11.06012822  
27.91833625  -250.1927389  -10.139093  -9.368467586  -19.50756058  
27.91833625  -222.3816314  -19.77143052  -7.508961691  -27.28039221  
27.91833625  -194.5705239  -22.78320183  -8.464365885  -31.24756771  
27.91833625  -166.7594163  -18.84204862  -10.00569362  -28.84774224  
27.91833625  -138.9483088  -13.49423985  -6.192538045  -19.68677789  
27.91833625  -111.1372013  -7.004513438  -4.237857217  -11.24237065  
27.91833625  -83.3260938  -4.191990426  -3.388988557  -7.580978983  
27.91833625  -55.51498629  -3.369118733  -2.556400388  -5.925519121  
27.91833625  -27.70387877  -2.984810412  -1.964847394  -4.949657806  
27.91833625  0.10722874  -2.446651623  -1.835691457  -4.28234308  
27.91833625  27.91833625  -1.894801348  -1.670949004  -3.565750352  
27.91833625  55.72944377  -1.579029041  -1.483236996  -3.062266037  
27.91833625  83.54055128  -1.332201751  -1.551093488  -2.883295239  
27.91833625  111.3516588  -1.027930195  -1.488882506  -2.5168127  
27.91833625  139.1627663  -0.9389488861  -1.417910929  -2.356859815  
27.91833625  166.9738738  -0.7127464363  -1.5594428  -2.272189237  
27.91833625  194.7849813  -0.4884127049  -1.52809505  -2.016507754  
27.91833625  222.5960889  -0.2807905857  -1.544019797  -1.824810382  
27.91833625  250.4071964  -0.08281195325  -1.746446395  -1.829258348  
55.72944377  -305.8149539  2.290262141  -7.028743404  -4.738481263  
55.72944377  -278.0038464  0.6724595914  -7.942611546  -7.270151955  
55.72944377  -250.1927389  -2.189897273  -10.31810381  -12.50800109  
55.72944377  -222.3816314  -7.49555233  -10.16516911  -17.66072144  
55.72944377  -194.5705239  -14.19411121  -14.72732396  -28.92143517  
55.72944377  -166.7594163  -15.80953681  -6.468679136  -22.27821595  
55.72944377  -138.9483088  -12.71978449  -4.055796423  -16.77558091  
55.72944377  -111.1372013  -9.272016853  -1.709212948  -10.9812298  
55.72944377  -83.3260938  -5.621839847  -1.084302929  -6.706142776  
55.72944377  -55.51498629  -3.818882655  -0.966385121  -4.785267776  
55.72944377  -27.70387877  -3.222379019  -0.5269839392  -3.749362959  
55.72944377  0.10722874  -2.811822487  -0.5761185403  -3.387941027  
55.72944377  27.91833625  -2.378908288  -0.7075502093  -3.086458497  
55.72944377  55.72944377  -2.009855328  -0.6225817229  -2.632437051  
55.72944377  83.54055128  -1.740991429  -0.8113990842  -2.552390513  
55.72944377  111.3516588  -1.461448964  -0.9657268292  -2.427175793  
55.72944377  139.1627663  -1.146937034  -0.9760857535  -2.123022788  
55.72944377  166.9738738  -0.9651387352  -1.188875332  -2.154014067  
55.72944377  194.7849813  -0.7359006778  -1.360697617  -2.096598295  
55.72944377  222.5960889  -0.4063287549  -1.395455871  -1.801784626  
55.72944377  250.4071964  -0.1967684804  -1.680096466  -1.876864947  
83.54055128  -305.8149539  2.306346116  -6.305726289  -3.999380173  
83.54055128  -278.0038464  1.449586266  -6.607996366  -5.1584101  
83.54055128  -250.1927389  1.163354533  -8.300024938  -7.136670406  
83.54055128  -222.3816314  -4.277587257  -7.664523024  -11.94211028  
83.54055128  -194.5705239  -8.010768361  -5.954738466  -13.96550683  
83.54055128  -166.7594163  -11.75191106  -1.808051916  -13.55996298  
83.54055128  -138.9483088  -10.57692378  0.3910139802  -10.1859098  
83.54055128  -111.1372013  -7.924122465  -0.5799132616  -8.504035726  
83.54055128  -83.3260938  -6.194040858  0.3959784472  -5.798062411  
83.54055128  -55.51498629  -4.063402363  0.4665016491  -3.596900714  
83.54055128  -27.70387877  -3.481659013  0.2641882956  -3.217470717  
83.54055128  0.10722874  -2.91227014  0.2479278841  -2.664342256  
83.54055128  27.91833625  -2.27401546  0.05283179285  -2.221183667  
83.54055128  55.72944377  -2.025780242  -0.2123787756  -2.238159018  
83.54055128  83.54055128  -1.737075591  -0.2564227159  -1.993498307  
83.54055128  111.3516588  -1.382527944  -0.4888994909  -1.871427435  
83.54055128  139.1627663  -1.154473547  -0.7290546119  -1.883528159  
83.54055128  166.9738738  -1.060529409  -0.7816442959  -1.842173705  
83.54055128  194.7849813  -0.7791315738  -1.068848603  -1.847980176  
83.54055128  222.5960889  -0.5955692255  -1.261804324  -1.85737355  
83.54055128  250.4071964  -0.4134115042  -1.374479382  -1.787890886  
111.3516588  -305.8149539  0.515565101  -5.145604618  -4.630039517  
111.3516588  -278.0038464  2.296156779  -5.685496078  -3.389339299  
111.3516588  -250.1927389  0.3824289882  -6.130487658  -5.74805867  
111.3516588  -222.3816314  -1.100083995  -5.634112794  -6.73419679  
111.3516588  -194.5705239  -3.366358715  -4.277684588  -7.644043303  
111.3516588  -166.7594163  -6.638913212  0.05879179159  -6.580121421  
111.3516588  -138.9483088  -7.807797815  -1.086705834  -8.894503649  
111.3516588  -111.1372013  -7.202083265  1.741857258  -5.460226007  
111.3516588  -83.3260938  -5.431167274  0.2950339177  -5.136133357  
111.3516588  -55.51498629  -3.708373365  0.8311680514  -2.877205314  
111.3516588  -27.70387877  -3.215944232  0.7589414746  -2.457002757  
111.3516588  0.10722874  -2.698771133  0.3749056684  -2.323865464  
111.3516588  27.91833625  -2.184697047  0.2684556849  -1.916241362  
111.3516588  55.72944377  -1.984643308  0.07535665612  -1.909286652  
111.3516588  83.54055128  -1.564988768  -0.2273279426  -1.792316711  
111.3516588  111.3516588  -1.387985795  -0.3148224243  -1.702808219  
111.3516588  139.1627663  -1.303031899  -0.5045932108  -1.80762511  
111.3516588  166.9738738  -0.9216245455  -0.7512932285  -1.672917774  
111.3516588  194.7849813  -0.8600815635  -0.8424870619  -1.702568625  
111.3516588  222.5960889  -0.748610613  -1.04045254  -1.789063153  
111.3516588  250.4071964  -0.3176469494  -1.290035058  -1.607682007  
139.1627663  -305.8149539  1.421501989  -4.220463251  -2.798961263  
139.1627663  -278.0038464  0.3803386446  -4.377603475  -3.997264831  
139.1627663  -250.1927389  0.9463221468  -4.905430061  -3.959107914  
139.1627663  -222.3816314  -1.232705353  -3.841649685  -5.074355038  
139.1627663  -194.5705239  -4.28407817  -2.791942089  -7.076020259  
139.1627663  -166.7594163  -4.347507391  -0.4110626048  -4.758569996  
139.1627663  -138.9483088  -4.321067311  1.023211448  -3.297855862  
139.1627663  -111.1372013  -4.812638511  -0.4206349577  -5.233273469  
139.1627663  -83.3260938  -4.264166733  1.357503194  -2.906663538  
139.1627663  -55.51498629  -3.232128644  0.5328305055  -2.699298138  
139.1627663  -27.70387877  -2.668629006  0.8433524753  -1.825276531  
139.1627663  0.10722874  -2.35072459  0.4655900151  -1.885134575  
139.1627663  27.91833625  -2.045263644  0.204621156  -1.840642488  
139.1627663  55.72944377  -1.88862299  0.1401318772  -1.748491113  
139.1627663  83.54055128  -1.500684371  -0.1313828495  -1.63206722  
139.1627663  111.3516588  -1.34359668  -0.3091474688  -1.652744148  
139.1627663  139.1627663  -1.080601819  -0.4234467936  -1.504048613  
139.1627663  166.9738738  -0.9621555935  -0.6139565508  -1.576112144  
139.1627663  194.7849813  -0.8580742583  -0.7941709367  -1.652245195  
139.1627663  222.5960889  -0.7978296557  -0.870506492  -1.668336148  
139.1627663  250.4071964  -0.5358212484  -1.087872645  -1.623693894  
166.9738738  -305.8149539  2.30479612  -3.416399599  -1.111603478  
166.9738738  -278.0038464  0.6797665229  -3.397109846  -2.717343323  
166.9738738  -250.1927389  1.302707121  -3.860151736  -2.557444615  
166.9738738  -222.3816314  0.6613767432  -2.943138215  -2.281761472  
166.9738738  -194.5705239  -2.327040017  -1.594656623  -3.92169664  
166.9738738  -166.7594163  -4.202591333  0.08096787613  -4.121623457  
166.9738738  -138.9483088  -4.250528071  0.4558763647  -3.794651707  
166.9738738  -111.1372013  -3.417355999  1.318980381  -2.098375618  
166.9738738  -83.3260938  -3.52251148  0.6772244667  -2.845287013  
166.9738738  -55.51498629  -2.761926228  1.083217517  -1.678708711  
166.9738738  -27.70387877  -2.342993297  0.6357018703  -1.707291426  
166.9738738  0.10722874  -1.849275697  0.4420124567  -1.40726324  
166.9738738  27.91833625  -1.767928794  0.2018655289  -1.566063265  
166.9738738  55.72944377  -1.634599684  -0.03222153071  -1.666821215  
166.9738738  83.54055128  -1.331542386  -0.1159457507  -1.447488136  
166.9738738  111.3516588  -1.283170654  -0.2883364241  -1.571507078  
166.9738738  139.1627663  -1.076427155  -0.4766607924  -1.553087947  
166.9738738  166.9738738  -0.8722487437  -0.5312752233  -1.403523967  
166.9738738  194.7849813  -0.8071727166  -0.7262904325  -1.533463149  
166.9738738  222.5960889  -0.6198011884  -0.8471158474  -1.466917036  
166.9738738  250.4071964  -0.6156669112  -0.941008804  -1.556675715  
194.7849813  -305.8149539  0.5662348702  -2.934810699  -2.368575829  
194.7849813  -278.0038464  -0.1133213099  -3.051730682  -3.165051992  
194.7849813  -250.1927389  -0.554110175  -3.051082333  -3.605192508  
194.7849813  -222.3816314  -1.00855023  -2.521256883  -3.529807114  
194.7849813  -194.5705239  -1.201111267  -1.445715485  -2.646826752  
194.7849813  -166.7594163  -2.781196792  0.402106549  -2.379090243  
194.7849813  -138.9483088  -3.445090414  0.5170054877  -2.928084926  
194.7849813  -111.1372013  -2.858725014  0.6403414968  -2.218383517  
194.7849813  -83.3260938  -2.522538016  1.179421661  -1.343116355  
194.7849813  -55.51498629  -2.286251927  0.7982276424  -1.488024285  
194.7849813  -27.70387877  -1.985373309  0.7273024055  -1.258070903  
194.7849813  0.10722874  -1.761892717  0.174253128  -1.587639589  
194.7849813  27.91833625  -1.425182714  0.02552040557  -1.399662308  
194.7849813  55.72944377  -1.413195374  -0.1044762638  -1.517671638  
194.7849813  83.54055128  -1.319573158  -0.3182920841  -1.637865243  
194.7849813  111.3516588  -1.152040027  -0.390866285  -1.542906312  
194.7849813  139.1627663  -0.9346547233  -0.5028395381  -1.437494261  
194.7849813  166.9738738  -0.9371518003  -0.6407495138  -1.577901314  
194.7849813  194.7849813  -0.892650567  -0.7177601654  -1.610410732  
194.7849813  222.5960889  -0.6758453853  -0.7979852906  -1.473830676  
194.7849813  250.4071964  -0.6615817198  -0.947963972  -1.609545692  
222.5960889  -305.8149539  0.6229181252  -2.532884464  -1.909966339  
222.5960889  -278.0038464  0.3362154067  -2.517895926  -2.181680519  
222.5960889  -250.1927389  1.262306635  -2.685505989  -1.423199354  
222.5960889  -222.3816314  -0.844320234  -1.966956708  -2.811276942  
222.5960889  -194.5705239  -1.757463222  -1.217777466  -2.975240688  
222.5960889  -166.7594163  -2.559888101  0.01969172384  -2.540196377  
222.5960889  -138.9483088  -2.953757197  0.5625264472  -2.391230749  
222.5960889  -111.1372013  -2.456615177  0.5342674021  -1.922347775  
222.5960889  -83.3260938  -2.349296888  0.4899689163  -1.859327972  
222.5960889  -55.51498629  -1.882621675  0.4724239357  -1.410197739  
222.5960889  -27.70387877  -1.728164756  -0.2076524113  -1.935817167  
222.5960889  0.10722874  -1.614314352  -0.3037353027  -1.918049654  
222.5960889  27.91833625  -1.379393412  -0.07030873802  -1.44970215  
222.5960889  55.72944377  -1.285012512  -0.2322672528  -1.517279765  
222.5960889  83.54055128  -1.162327161  -0.3772514809  -1.539578642  
222.5960889  111.3516588  -1.137533415  -0.4022392782  -1.539772693  
222.5960889  139.1627663  -0.9358103782  -0.5923470993  -1.528157478  
222.5960889  166.9738738  -0.8015015346  -0.6117094967  -1.413211031  
222.5960889  194.7849813  -0.739931665  -0.7215000395  -1.461431704  
222.5960889  222.5960889  -0.6662061037  -0.8002481978  -1.466454301  
222.5960889  250.4071964  -0.5420740795  -0.8565529433  -1.398627023  
250.4071964  -305.8149539  -0.2901579656  -2.113681726  -2.403839692  
250.4071964  -278.0038464  -0.129424942  -2.133863513  -2.263288455  
250.4071964  -250.1927389  -0.4617421167  -2.330556223  -2.792298339  
250.4071964  -222.3816314  -0.3369931122  -1.730611511  -2.067604623  
250.4071964  -194.5705239  -0.8659588905  -0.9362785093  -1.8022374  
250.4071964  -166.7594163  -2.182200855  0.02980198954  -2.152398865  
250.4071964  -138.9483088  -2.293249328  0.2298776399  -2.063371689  
250.4071964  -111.1372013  -2.428377492  0.4761841831  -1.952193308  
250.4071964  -83.3260938  -1.848702601  0.3999868194  -1.448715781  
250.4071964  -55.51498629  -1.598116811  0.2223053123  -1.375811499  
250.4071964  -27.70387877  -1.525038595  -0.1151117621  -1.640150357  
250.4071964  0.10722874  -1.410760168  0.3337489278  -1.07701124  
250.4071964  27.91833625  -1.315027515  -0.3005550866  -1.615582602  
250.4071964  55.72944377  -1.20081573  -0.3186598711  -1.519475601  
250.4071964  83.54055128  -1.298567145  -0.4663958011  -1.764962947  
250.4071964  111.3516588  -1.084765939  -0.4695157959  -1.554281735  
250.4071964  139.1627663  -0.9427515585  -0.5823312443  -1.525082803  
250.4071964  166.9738738  -0.9298663796  -0.638845186  -1.568711566  
250.4071964  194.7849813  -0.8245505487  -0.7101669919  -1.534717541  
250.4071964  222.5960889  -0.7288163027  -0.7618842928  -1.490700595  
250.4071964  250.4071964  -0.6104820953  -0.8455516001  -1.456033695  
