t  re  im
0  3  0
0.04  2.83338  0
0.08  2.63641  0
0.12  2.43004  0
0.16  2.22549  0
0.2  2.02629  0
0.24  1.83528  0
0.28  1.65408  0
0.32  1.48421  0
0.36  1.32668  0
0.4  1.18161  0
0.44  1.04938  0
0.48  0.929561  0
0.52  0.821402  0
0.56  0.724052  0
0.6  0.636602  0
0.64  0.558525  0
0.68  0.489066  0
0.72  0.427455  0
0.76  0.372997  0
0.8  0.325057  0
0.84  0.282995  0
0.88  0.24617  0
0.92  0.213953  0
0.96  0.185712  0
1  0.161043  0
1.04  0.13957  0
1.08  0.120858  0
1.12  0.104595  0
1.16  0.0904982  0
1.2  0.0782545  0
1.24  0.0676009  0
1.28  0.0583453  0
1.32  0.0503321  0
1.36  0.0433868  0
1.4  0.037378  0
1.44  0.0321827  0
1.48  0.0276975  0
1.52  0.0238315  0
1.56  0.0205012  0
1.6  0.0176337  0
1.64  0.0151678  0
1.68  0.0130402  0
1.72  0.0112072  0
1.76  0.00963216  0
1.8  0.00827623  0
1.84  0.00710918  0
1.88  0.00610437  0
1.92  0.00524113  0
1.96  0.00450023  0
2  0.0038645  0
2.04  0.00331825  0
2.08  0.00284874  0
2.12  0.00244494  0
2.16  0.00209868  0
2.2  0.00180179  0
2.24  0.00154672  0
2.28  0.00132729  0
2.32  0.00113843  0
2.36  0.000976382  0
2.4  0.000837715  0
2.44  0.000719102  0
2.48  0.000617439  0
2.52  0.000530407  0
2.56  0.000455855  0
2.6  0.00039201  0
2.64  0.000337303  0
2.68  0.000290384  0
2.72  0.000250045  0
2.76  0.000215344  0
2.8  0.000185551  0
2.84  0.000159899  0
2.88  0.000137807  0
2.92  0.000118807  0
2.96  0.000102452  0
3  8.83565e-05  0
3.04  7.61734e-05  0
3.08  6.56452e-05  0
3.12  5.65798e-05  0
3.16  4.87782e-05  0
3.2  4.20695e-05  0
3.24  3.62922e-05  0
3.28  3.13146e-05  0
3.32  2.70264e-05  0
3.36  2.33329e-05  0
3.4  2.01487e-05  0
3.44  1.74011e-05  0
3.48  1.50274e-05  0
3.52  1.29781e-05  0
3.56  1.12086e-05  0
3.6  9.68262e-06  0
3.64  8.36594e-06  0
3.68  7.22887e-06  0
3.72  6.24602e-06  0
3.76  5.39812e-06  0
3.8  4.66592e-06  0
3.84  4.03046e-06  0
3.88  3.48018e-06  0
3.92  3.00445e-06  0
3.96  2.59355e-06  0
4  2.23869e-06  0
4.04  1.93227e-06  0
4.08  1.66803e-06  0
4.12  1.43933e-06  0
4.16  1.24225e-06  0
4.2  1.07259e-06  0
4.24  9.26525e-07  0
4.28  8.00669e-07  0
4.32  6.92161e-07  0
4.36  5.98608e-07  0
4.4  5.17827e-07  0
4.44  4.48135e-07  0
4.48  3.87971e-07  0
4.52  3.35936e-07  0
4.56  2.90989e-07  0
4.6  2.52183e-07  0
4.64  2.18657e-07  0
4.68  1.89649e-07  0
4.72  1.64496e-07  0
4.76  1.42698e-07  0
4.8  1.23835e-07  0
4.84  1.07479e-07  0
4.88  9.33011e-08  0
4.92  8.10155e-08  0
4.96  7.03437e-08  0
5  6.10527e-08  0
5.04  5.2988e-08  0
5.08  4.59802e-08  0
5.12  3.98914e-08  0
5.16  3.46009e-08  0
5.2  2.99969e-08  0
5.24  2.59903e-08  0
5.28  2.25143e-08  0
5.32  1.95048e-08  0
5.36  1.68995e-08  0
5.4  1.46412e-08  0
5.44  1.26878e-08  0
5.48  1.09946e-08  0
5.52  9.52454e-09  0
5.56  8.25141e-09  0
5.6  7.14906e-09  0
5.64  6.19384e-09  0
5.68  5.36682e-09  0
5.72  4.65089e-09  0
5.76  4.03107e-09  0
5.8  3.49337e-09  0
5.84  3.02724e-09  0
5.88  2.62439e-09  0
5.92  2.27613e-09  0
5.96  1.97428e-09  0
6  1.71267e-09  0
6.04  1.48619e-09  0
6.08  1.28993e-09  0
6.12  1.11955e-09  0
6.16  9.71401e-10  0
6.2  8.42859e-10  0
6.24  7.31088e-10  0
6.28  6.34301e-10  0
6.32  5.50413e-10  0
6.36  4.77512e-10  0
6.4  4.14205e-10  0
6.44  3.59382e-10  0
6.48  3.11823e-10  0
6.52  2.70602e-10  0
6.56  2.34848e-10  0
6.6  2.03863e-10  0
6.64  1.77002e-10  0
6.68  1.53709e-10  0
6.72  1.33461e-10  0
6.76  1.15861e-10  0
6.8  1.00562e-10  0
6.84  8.72569e-11  0
6.88  7.56793e-11  0
6.92  6.56072e-11  0
6.96  5.68599e-11  0
7  4.92695e-11  0
7.04  4.26865e-11  0
7.08  3.69768e-11  0
7.12  3.2025e-11  0
7.16  2.77242e-11  0
7.2  2.39954e-11  0
7.24  2.07655e-11  0
7.28  1.79676e-11  0
7.32  1.55418e-11  0
7.36  1.34413e-11  0
7.4  1.16237e-11  0
7.44  1.00512e-11  0
7.48  8.69124e-12  0
7.52  7.516e-12  0
7.56  6.49891e-12  0
7.6  5.61971e-12  0
7.64  4.85934e-12  0
7.68  4.20226e-12  0
7.72  3.63422e-12  0
7.76  3.14256e-12  0
7.8  2.71701e-12  0
7.84  2.34905e-12  0
7.88  2.03106e-12  0
7.92  1.7562e-12  0
7.96  1.51841e-12  0
