t1  t3  r_re  r_im nr_re  nr_im
0  0 3  0 3  0
0  0.04 5.05848  2.24947 5.05848  2.24947
0  0.08 3.56955  -0.556159 3.56955  -0.556159
0  0.12 0.732391  -0.216338 0.732391  -0.216338
0  0.16 0.0370878  0.338396 0.0370878  0.338396
0  0.2 -0.0679567  0.487996 -0.0679567  0.487996
0  0.24 0.0749793  0.305343 0.0749793  0.305343
0  0.28 -0.0359141  0.0833199 -0.0359141  0.0833199
0  0.32 -0.142851  0.0819396 -0.142851  0.0819396
0  0.36 -0.0709738  0.103687 -0.0709738  0.103687
0  0.4 -0.0110276  0.0292018 -0.0110276  0.0292018
0  0.44 0.0183903  -0.00435382 0.0183903  -0.00435382
0  0.48 0.0509367  0.0150871 0.0509367  0.0150871
0  0.52 0.0433084  -0.0383583 0.0433084  -0.0383583
0  0.56 0.0407151  -0.00246373 0.0407151  -0.00246373
0  0.6 0.0656371  0.00922988 0.0656371  0.00922988
0  0.64 0.0653145  -0.0031457 0.0653145  -0.0031457
0  0.68 0.0284328  0.0138658 0.0284328  0.0138658
0  0.72 -0.000404994  0.0501905 -0.000404994  0.0501905
0  0.76 0.048814  0.0991695 0.048814  0.0991695
0.04  0 2.33773  -0.0188244 2.33773  0.0188244
0.04  0.04 5.34351  2.10378 2.83657  1.24032
0.04  0.08 4.62229  -1.04693 1.48264  0.102187
0.04  0.12 1.1187  -0.626445 0.302113  0.138088
0.04  0.16 0.33751  0.43938 -0.141807  0.241858
0.04  0.2 0.0948335  0.516358 -0.126311  0.382929
0.04  0.24 0.066715  0.340118 0.023784  0.218099
0.04  0.28 -0.0460266  0.0721823 -0.0462833  0.0500758
0.04  0.32 -0.096745  0.063018 -0.10299  0.0432877
0.04  0.36 -0.077155  0.0857304 -0.039742  0.0495818
0.04  0.4 -0.0317315  0.0215347 0.00515875  -0.015766
0.04  0.44 -0.0259783  -0.0018022 0.0239424  0.0206211
0.04  0.48 -0.0079222  0.091139 0.0758855  -0.013371
0.04  0.52 0.0838672  0.062295 0.0730051  -0.0585915
0.04  0.56 0.0205321  0.0348738 0.0272915  -0.00164866
0.04  0.6 0.0400031  0.0543428 0.0520547  0.030432
0.04  0.64 0.00992168  0.0365333 0.0505994  0.0444312
0.04  0.68 0.0101279  0.0221963 0.0332166  0.0216941
0.04  0.72 0.00113041  0.0287236 0.000509346  0.0686698
0.04  0.76 0.0109497  0.0282904 0.0472224  0.0893901
0.08  0 1.30734  -0.0023946 1.30734  0.0023946
0.08  0.04 3.66357  1.71606 1.02488  0.756063
0.08  0.08 3.97781  -0.588185 0.457392  0.456801
0.08  0.12 1.20784  -0.631792 0.131784  0.23974
0.08  0.16 0.5594  0.48856 -0.149658  0.173921
0.08  0.2 0.377152  0.388393 -0.122582  0.253254
0.08  0.24 0.109093  0.139599 -0.0376645  0.160525
0.08  0.28 -0.0284562  0.048453 -0.035325  0.0298654
0.08  0.32 -0.0948755  0.0150823 -0.0535853  0.0179037
0.08  0.36 -0.0486049  0.0274847 0.0199177  -0.0272699
0.08  0.4 -0.0215546  0.00474124 0.0264046  -0.00849014
0.08  0.44 -0.0227612  -0.02973 0.0444231  0.0112786
0.08  0.48 -0.00284882  -0.00736629 0.123692  -0.0156499
0.08  0.52 0.0136855  0.0253063 0.0489393  -0.0392689
0.08  0.56 -0.0101721  0.0217425 0.0235385  0.00803598
0.08  0.6 -0.032623  0.0326178 0.0167453  0.0597933
0.08  0.64 -0.00557402  -0.0052947 0.0560281  0.0631907
0.08  0.68 -0.00121213  -0.00711207 0.0459003  0.0289741
0.08  0.72 -0.001846  0.00788008 0.00226166  0.0627688
0.08  0.76 -0.0397796  0.0565917 0.0422404  0.0488758
0.12  0 0.524232  -0.120099 0.524232  0.120099
0.12  0.04 1.98747  0.764188 0.120498  0.540706
0.12  0.08 2.63124  -0.529074 0.0777571  0.52668
0.12  0.12 0.97411  -0.546465 0.0709292  0.212357
0.12  0.16 0.598316  0.405513 -0.119511  0.106538
0.12  0.2 0.540719  0.20716 -0.150191  0.148853
0.12  0.24 0.143014  0.048967 -0.0387071  0.104944
0.12  0.28 -0.00514787  0.00852049 -0.0189518  0.0137141
0.12  0.32 0.0147376  -0.00595073 0.0280219  -0.0107819
0.12  0.36 0.03161  -0.0216161 0.0564618  0.00019798
0.12  0.4 -0.00539921  -0.0151618 0.0287843  -0.0281056
0.12  0.44 0.00709947  -0.0412084 0.0709085  0.0217165
0.12  0.48 -0.080816  -0.0915716 0.0829119  -0.0104817
0.12  0.52 -0.0747852  0.0103153 0.0547477  -0.0161513
0.12  0.56 -0.0121651  0.00402388 0.0116706  0.0228
0.12  0.6 -0.00297783  -0.0197058 0.0115016  0.0770212
0.12  0.64 -0.0244079  -0.00572359 0.0779859  0.0852585
0.12  0.68 -0.0319042  0.017254 0.0427226  0.0252894
0.12  0.72 -0.0288998  -0.00386644 0.0104228  0.0387574
0.12  0.76 -0.00346671  0.0468893 0.0441124  0.00175518
0.16  0 0.137754  -0.189072 0.137754  0.189072
0.16  0.04 0.898644  0.113965 -0.186118  0.41655
0.16  0.08 1.32299  -0.392394 -0.0146687  0.435454
0.16  0.12 0.575698  -0.403295 0.0295334  0.153408
0.16  0.16 0.441364  0.222901 -0.111337  0.0456337
0.16  0.2 0.451349  0.0821958 -0.113497  0.0877275
0.16  0.24 0.112707  -0.0086483 -0.0235186  0.0514453
0.16  0.28 0.00366298  0.00209509 0.00973474  -0.00773237
0.16  0.32 0.0409331  -0.0304948 0.0420965  0.0273501
0.16  0.36 0.0298216  -0.0628705 0.0734246  -0.0362742
0.16  0.4 -0.0172982  -0.0684077 0.0487268  -0.0431622
0.16  0.44 0.0266258  -0.0804468 0.0475285  0.0145614
0.16  0.48 -0.0669229  -0.0637582 0.0733998  0.0198071
0.16  0.52 -0.012552  0.0254534 0.0520886  0.0272392
0.16  0.56 -0.014162  0.0268322 0.0109629  0.0301945
0.16  0.6 -0.0270616  0.0688325 0.0173662  0.105122
0.16  0.64 0.00728795  0.0508239 0.0735293  0.0759089
0.16  0.68 0.00807027  -0.00779432 0.0302327  0.00961047
0.16  0.72 0.0266335  -0.000851568 0.0242036  0.0129025
0.16  0.76 0.0297826  -0.0170947 0.00698845  -0.0110666
0.2  0 -0.00189154  -0.192653 -0.00189154  0.192653
0.2  0.04 0.358972  -0.284241 -0.210964  0.30807
0.2  0.08 0.424987  -0.394573 -0.0501895  0.299851
0.2  0.12 0.223296  -0.263086 -0.0174178  0.116112
0.2  0.16 0.357249  0.104857 -0.0787542  0.0214649
0.2  0.2 0.514359  -0.0101858 -0.060577  0.0399132
0.2  0.24 0.191771  -0.0908879 0.0112603  -0.0278727
0.2  0.28 0.0225474  0.000309691 0.0200209  0.00558864
0.2  0.32 -0.00126403  -0.0529746 0.0723438  0.00826814
0.2  0.36 -0.0580282  -0.092603 0.121514  -0.0528582
0.2  0.4 -0.0469489  -0.030174 0.0326646  -0.0289283
0.2  0.44 -0.0128029  -0.01097 0.0349732  0.0286664
0.2  0.48 -0.00206771  0.0166081 0.0401521  0.0672098
0.2  0.52 0.00379461  0.0292417 0.0605656  0.0420296
0.2  0.56 -0.00759942  0.00151652 0.015637  0.0410741
0.2  0.6 0.0036671  -0.0323905 0.0186266  0.0956549
0.2  0.64 -0.00290537  -0.102295 0.0566839  0.0367038
0.2  0.68 -0.0276349  -0.0510193 0.0189152  -0.0105939
0.2  0.72 0.0108679  -0.0554329 0.00690012  -0.00430252
0.2  0.76 -0.0542224  -0.0387392 -0.011115  -0.0104689
0.24  0 -0.0297885  -0.154833 -0.0297885  0.154833
0.24  0.04 0.0989725  -0.288133 -0.174252  0.19369
0.24  0.08 0.000584835  -0.315204 -0.110531  0.199976
0.24  0.12 0.0257736  -0.175299 -0.0213824  0.0767258
0.24  0.16 0.193261  0.00214251 -0.0405319  0.00782275
0.24  0.2 0.276393  -0.0797067 0.0312093  -0.0226333
0.24  0.24 0.0820943  -0.115575 0.0487811  -0.0121127
0.24  0.28 0.0130134  -0.0294424 0.0296063  -0.00569873
0.24  0.32 -0.0135022  -0.0297064 0.116269  0.0190439
0.24  0.36 -0.0170234  -0.0352723 0.0814542  -0.0354226
0.24  0.4 0.0107675  -0.0233775 0.03748  -0.013068
0.24  0.44 0.0212467  0.00241296 0.00536522  0.0462574
0.24  0.48 0.0203906  0.000377121 0.0394708  0.089905
0.24  0.52 5.68697e-05  0.00102732 0.0837449  0.0562137
0.24  0.56 0.00204417  -0.00178833 0.0153706  0.0371435
0.24  0.6 0.0098145  -0.00439074 0.0253352  0.0568834
0.24  0.64 -0.0410627  -0.0104116 0.0447861  -0.0111356
0.24  0.68 -0.034882  -0.000389603 8.31734e-05  -0.00642694
0.24  0.72 -0.00885264  -0.057268 -0.00338903  -0.00886029
0.24  0.76 -0.0467944  -0.0908768 -0.00564825  0.00757152
0.28  0 -0.0348425  -0.104358 -0.0348425  0.104358
0.28  0.04 0.0550741  -0.318413 -0.171923  0.0937191
0.28  0.08 -0.154351  -0.384216 -0.091046  0.125445
0.28  0.12 -0.0770678  -0.131787 -0.0137068  0.037876
0.28  0.16 0.0431381  -0.0610483 0.021332  -0.00511886
0.28  0.2 0.0581036  -0.0710208 0.0612674  0.0200335
0.28  0.24 0.0358851  -0.0830467 0.0554888  -0.047286
0.28  0.28 0.0330761  -0.0199531 0.0482956  -0.00688493
0.28  0.32 0.0964234  -0.0108378 0.0779337  0.012773
0.28  0.36 0.0642507  -0.100111 0.0807849  -0.00168702
0.28  0.4 0.0146965  -0.0348967 0.0370991  0.0171593
0.28  0.44 0.0187915  0.0321344 -0.000546258  0.0584003
0.28  0.48 0.017841  0.0697725 0.0559013  0.122155
0.28  0.52 0.0253144  0.0142985 0.0780349  0.0492037
0.28  0.56 -0.0120134  0.00583328 0.0149047  0.0209195
0.28  0.6 -0.0746724  -0.0233965 0.0402114  0.0139289
0.28  0.64 -0.103325  0.00944187 0.00377832  -0.0131501
0.28  0.68 -0.0417927  0.00381468 -0.00734102  -0.0015276
0.28  0.72 -0.0151658  -0.0323303 -0.00520588  0.00270942
0.28  0.76 -0.031516  -0.00841786 -0.0250418  0.00980884
0.32  0 -0.050783  -0.0652543 -0.050783  0.0652543
0.32  0.04 0.012178  -0.272829 -0.123543  0.0488009
0.32  0.08 -0.0515646  -0.30729 -0.0506932  0.0597888
0.32  0.12 -0.0811733  -0.081292 0.00637447  -0.020435
0.32  0.16 0.0131905  -0.0758716 0.0278651  0.0238522
0.32  0.2 0.0335405  -0.0682505 0.0924968  -0.0136338
0.32  0.24 0.0115224  -0.0568416 0.0933914  -0.0720635
0.32  0.28 0.0292045  -0.0262272 0.032373  -0.00461168
0.32  0.32 0.0964053  -0.0980018 0.0611804  0.0376599
0.32  0.36 -0.0186692  -0.144307 0.0610067  0.0565865
0.32  0.4 -0.0190018  -0.0247458 0.0434867  0.0271457
0.32  0.44 -0.0057424  -0.022688 0.000490035  0.0799039
0.32  0.48 -0.00954012  -0.0386397 0.0543032  0.110219
0.32  0.52 -0.0324107  -0.0381584 0.055654  0.019429
0.32  0.56 -0.00277795  -0.0268473 0.0173979  0.00233506
0.32  0.6 0.0123162  -0.0251636 0.00953615  -0.00826071
0.32  0.64 0.0304524  -0.00849392 -0.0142162  -0.00725733
0.32  0.68 0.0292086  -0.0117135 -0.000419772  0.0046198
0.32  0.72 0.0353392  0.0344369 -0.0166599  -0.00127972
0.32  0.76 0.0636147  0.0363923 -0.0526272  0.0036526
0.36  0 -0.0396167  -0.0397103 -0.0396167  0.0397103
0.36  0.04 0.0148833  -0.127845 -0.0641594  0.0199006
0.36  0.08 0.0432859  -0.138989 0.0254885  -0.0329498
0.36  0.12 0.030563  -0.0379339 0.0339179  -0.0114267
0.36  0.16 0.0197403  0.00813516 0.0516059  0.0129352
0.36  0.2 -0.0555493  -0.0533041 0.150559  -0.0147702
0.36  0.24 -0.0565627  -0.00313541 0.0626052  -0.0482978
0.36  0.28 -0.0106437  -0.0203618 0.0288383  0.00729683
0.36  0.32 0.021313  -0.0957158 0.0183258  0.0716768
0.36  0.36 -0.0584335  -0.118243 0.0670809  0.0799417
0.36  0.4 -0.0418579  -0.0478026 0.0600655  0.0362143
0.36  0.44 0.00712397  -0.04861 0.00253782  0.0730401
0.36  0.48 0.0122279  -0.0719084 0.0496406  0.060828
0.36  0.52 0.0152485  -0.0317266 0.0356869  -0.0186902
0.36  0.56 0.0115399  0.0212106 0.00317807  -0.00412119
0.36  0.6 -0.000106115  0.0880039 -0.00733412  -0.012761
0.36  0.64 0.0618833  0.0587525 -0.0034551  0.00925045
0.36  0.68 0.0363956  0.00544137 -0.00796291  0.0105368
0.36  0.72 0.00343661  0.0455092 -0.0304284  -0.0121782
0.36  0.76 0.0182958  0.05976 -0.0480741  -0.0232488
0.4  0 -0.0214912  -0.0185151 -0.0214912  0.0185151
0.4  0.04 0.0140876  -0.0830572 0.0335881  -0.012094
0.4  0.08 0.0826249  -0.00117881 0.0696177  0.00216448
0.4  0.12 0.0670057  0.0144489 0.0366378  -0.0367789
0.4  0.16 -0.00725559  0.0320586 0.0823869  0.0249579
0.4  0.2 -0.0060417  -0.0188482 0.100921  -0.00989023
0.4  0.24 0.00859551  0.0322359 0.0693668  -0.0190315
0.4  0.28 -0.0117419  0.0215179 0.0161229  0.0260471
0.4  0.32 -0.0752485  0.0159769 0.0116128  0.0920558
0.4  0.36 -0.0763426  0.0184877 0.0934612  0.10794
0.4  0.4 -0.0527733  0.00709702 0.0558626  0.0315384
0.4  0.44 -0.000463751  -0.0384648 0.0120699  0.0451131
0.4  0.48 0.0471528  -0.0103842 0.0535315  0.0036458
0.4  0.52 0.0689971  -0.0035489 0.000489967  -0.0119334
0.4  0.56 0.0210174  0.032036 -0.00401092  -0.00455772
0.4  0.6 0.0400537  0.0876911 -0.00732429  0.00540989
0.4  0.64 0.061573  0.0245007 -0.0222651  0.017166
0.4  0.68 0.00926855  0.0120751 -0.0210905  0.0150442
0.4  0.72 -0.0289984  0.00797807 -0.0206117  -0.0259973
0.4  0.76 -0.0215352  0.00657402 -0.0456085  -0.0537219
0.44  0 0.0109685  0.0103417 0.0109685  -0.0103417
0.44  0.04 -0.00736765  0.0724382 0.0493355  0.0335971
0.44  0.08 0.0671771  0.10392 0.0917755  -0.0422333
0.44  0.12 0.0496901  0.0180818 0.0621003  -0.0565629
0.44  0.16 0.00787324  0.0112735 0.0552223  0.0167349
0.44  0.2 0.034828  -0.0355697 0.0883523  0.0265232
0.44  0.24 -0.0109289  -0.0465844 0.064972  0.0355733
0.44  0.28 -0.00707549  -0.00186871 0.0159962  0.0349303
0.44  0.32 -0.0580145  0.0477856 0.0178369  0.125687
0.44  0.36 -0.0387861  0.0622691 0.088271  0.0962409
0.44  0.4 -0.00220272  0.0156604 0.0393117  0.0116142
0.44  0.44 -0.000632417  0.016167 0.0281437  0.0150493
0.44  0.48 0.0253529  -0.010965 0.00886989  -0.013205
0.44  0.52 0.035297  -0.0223291 -0.0135558  -0.00322063
0.44  0.56 0.0178515  0.01284 -0.00251755  0.00278739
0.44  0.6 0.0263648  0.0420159 -0.0258425  0.00206245
0.44  0.64 0.018444  -0.00282492 -0.0517508  0.0190525
0.44  0.68 -0.00669632  -0.0118581 -0.0260933  0.00261458
0.44  0.72 0.0195252  -0.0231327 -0.0109975  -0.0423787
0.44  0.76 0.0272219  -0.0540235 -0.0359762  -0.0753762
0.48  0 0.0247639  -0.00469782 0.0247639  0.00469782
0.48  0.04 0.0270403  0.00155841 0.085783  0.011694
0.48  0.08 -0.0203847  -0.0576743 0.151639  -0.0610478
0.48  0.12 -0.0371771  0.0230242 0.0416297  -0.0379099
0.48  0.16 -0.0425725  -0.0396952 0.0406979  0.0331522
0.48  0.2 -0.095233  -0.0668927 0.0464121  0.0828861
0.48  0.24 -0.0979292  -0.0271108 0.0752963  0.0544121
0.48  0.28 -0.0307189  -0.0206884 0.022623  0.0474462
0.48  0.32 -0.0309004  -0.0249893 0.0195948  0.114445
0.48  0.36 -0.00634842  -0.0188389 0.0687827  0.0472461
0.48  0.4 0.00579496  -0.00539873 0.0241553  -0.0141874
0.48  0.44 0.0155733  -0.013706 0.00803531  -0.00499603
0.48  0.48 0.0603634  -0.0318344 -0.0131443  -0.0131
0.48  0.52 0.0495418  -0.0537377 -0.00102085  0.00855912
0.48  0.56 0.0291981  -0.00265007 -0.0102782  0.00295199
0.48  0.6 0.0367661  0.0208716 -0.0495768  -0.0113154
0.48  0.64 0.00327772  0.0426622 -0.0550463  -0.00927789
0.48  0.68 0.0024527  0.00924574 -0.0328871  -0.010774
0.48  0.72 0.00138976  0.00191552 0.00024285  -0.0518898
0.48  0.76 -0.000246828  0.00939641 0.00441978  -0.0480447
0.52  0 0.0351871  0.00992392 0.0351871  -0.00992392
0.52  0.04 -0.00165846  -0.0113797 0.137719  0.025636
0.52  0.08 -0.0526481  0.0849031 0.101648  -0.0409101
0.52  0.12 0.0067762  0.0611129 0.0481265  -0.0175314
0.52  0.16 -0.0581525  0.0111114 0.00639133  0.0536764
0.52  0.2 -0.109162  -0.0585704 0.044813  0.11039
0.52  0.24 -0.119607  -0.0891233 0.104159  0.0728411
0.52  0.28 -0.0255037  -0.0487108 0.0219242  0.0427865
0.52  0.32 -0.03075  -0.0734411 0.0286366  0.0684434
0.52  0.36 0.0127836  0.0056806 0.0556964  -0.0122475
0.52  0.4 0.0125867  0.0231704 -6.29005e-05  -0.00830502
0.52  0.44 -0.0279396  0.0416711 -0.00393019  -0.0103148
0.52  0.48 -0.0120314  0.0585257 -0.00712178  0.00900479
0.52  0.52 -0.00134895  0.00130801 -0.0153407  0.0191559
0.52  0.56 -0.0029715  -0.00279049 -0.0209698  -0.000510837
0.52  0.6 -0.0599836  0.0164202 -0.037869  -0.0348659
0.52  0.64 -0.0406533  0.0609411 -0.0614811  -0.0405828
0.52  0.68 0.00515881  0.0365407 -0.0344163  -0.0223117
0.52  0.72 -0.00929841  0.0254799 0.0154558  -0.0256834
0.52  0.76 -0.00263861  0.0237225 0.0277561  -0.0134164
0.56  0 0.0576469  0.0132752 0.0576469  -0.0132752
0.56  0.04 0.0967033  0.130756 0.0923116  0.0171932
0.56  0.08 0.199047  0.116906 0.0996752  0.000667307
0.56  0.12 0.109038  0.0203514 0.0481754  0.0214774
0.56  0.16 0.0162927  0.0688358 -0.000427778  0.0677926
0.56  0.2 0.0640356  0.00380673 0.0636435  0.150065
0.56  0.24 -0.022882  -0.0376973 0.0971337  0.0638716
0.56  0.28 -0.00767156  -0.0266661 0.0197957  0.0234919
0.56  0.32 0.00735793  -0.0116441 0.0475205  0.0176813
0.56  0.36 0.00686958  0.0350623 0.00510981  -0.0161163
0.56  0.4 -0.00824035  0.0328529 -0.00952418  -0.0017789
0.56  0.44 -0.0598603  0.00341132 -0.00606154  0.00314486
0.56  0.48 -0.0853469  -0.00178593 -0.0307596  0.0110575
0.56  0.52 -0.0257014  -0.0228963 -0.0399598  0.0268428
0.56  0.56 0.00388708  -0.0121669 -0.0181671  -0.0109912
0.56  0.6 0.0120012  -0.0416652 -0.0270906  -0.0622946
0.56  0.64 -0.016996  -0.0311367 -0.0581449  -0.0651321
0.56  0.68 -0.00905978  -0.00849848 -0.0104884  -0.0212455
0.56  0.72 -0.0106539  -0.00466689 0.0191532  -4.96411e-06
0.56  0.76 -0.0352503  0.00108237 0.0043323  -0.00982622
0.6  0 0.0386416  0.00889442 0.0386416  -0.00889442
0.6  0.04 0.103202  0.0750849 0.071755  0.0463446
0.6  0.08 0.207673  0.00499055 0.0733042  0.0718531
0.6  0.12 0.107256  -0.0167579 0.0565958  0.0342486
0.6  0.16 0.0328226  0.0565328 0.000851112  0.0927502
0.6  0.2 0.051414  0.0212143 0.0621116  0.135534
0.6  0.24 0.0464542  -0.026725 0.0696522  0.0258189
0.6  0.28 0.0297946  0.00484551 0.0209656  0.00109648
0.6  0.32 0.0366138  0.0340704 0.0115829  -0.00958134
0.6  0.36 -0.0479908  0.0143331 -0.0173161  -0.00944311
0.6  0.4 -0.0443298  0.0305811 -0.000419843  0.00597934
0.6  0.44 -0.0589749  -0.0122429 -0.0193833  -0.00151397
0.6  0.48 -0.0151642  0.0367772 -0.0640617  0.00263194
0.6  0.52 0.0449983  0.028471 -0.0486033  0.00349441
0.6  0.56 0.00780661  0.0231804 -0.0160579  -0.0229632
0.6  0.6 -0.0234953  0.0428257 -0.0121605  -0.0795865
0.6  0.64 -0.0413199  0.0681925 -0.00961102  -0.0495118
0.6  0.68 -0.0220268  0.0351286 0.00817258  -0.0127439
0.6  0.72 -0.0510191  -0.0113762 0.005079  -0.00432638
0.6  0.76 -0.0624086  0.0234839 -0.0108547  -0.0119439
0.64  0 0.0355929  -0.00585687 0.0355929  0.00585687
0.64  0.04 0.0863149  0.0719696 0.0199358  0.085676
0.64  0.08 0.108962  0.0506975 0.0800002  0.10086
0.64  0.12 0.0382363  0.0113931 0.0781493  0.0456533
0.64  0.16 0.0192921  0.0280049 0.00320392  0.0847756
0.64  0.2 0.0515871  0.039903 0.058138  0.0754686
0.64  0.24 0.0553678  0.00326288 0.0454128  -0.0226892
0.64  0.28 0.00626072  0.0116456 0.0033888  -0.00522084
0.64  0.32 0.0106903  0.0234776 -0.00839023  -0.0153991
0.64  0.36 0.0439374  0.00697087 -0.00457928  0.0113102
0.64  0.4 0.013628  -0.00904624 -0.0100078  0.0138233
0.64  0.44 0.00325364  0.0170209 -0.0353879  -0.0142158
0.64  0.48 -0.0286507  0.0347869 -0.0576072  -0.0298941
0.64  0.52 0.000491873  0.0763821 -0.0605236  -0.0217288
0.64  0.56 -0.0205541  0.0300295 -0.0114395  -0.0311775
0.64  0.6 -0.065312  0.0451413 0.0174848  -0.0430961
0.64  0.64 -0.0434457  0.0617003 0.0239345  -0.0215803
0.64  0.68 -0.0130967  0.0214364 -0.000710085  -0.00522562
0.64  0.72 -0.0154363  -0.00510544 -0.00284481  -0.0096151
0.64  0.76 0.0133792  0.00251035 -0.0165081  -0.0199435
0.68  0 0.0221537  -0.0298169 0.0221537  0.0298169
0.68  0.04 0.0768104  -0.00438082 0.0114305  0.109728
0.68  0.08 0.0719715  -0.0210056 0.111578  0.136282
0.68  0.12 0.0402789  -0.0109878 0.0726429  0.0396951
0.68  0.16 0.0284443  0.0155963 0.0141701  0.0523244
0.68  0.2 0.0480807  0.0326161 0.0648043  0.0062447
0.68  0.24 0.042215  0.0518349 0.000904594  -0.0150233
0.68  0.28 0.00486894  0.033818 -0.00522317  -0.00504411
0.68  0.32 0.0222517  0.0970926 -0.00887097  0.00624551
0.68  0.36 0.0875959  0.0558746 -0.0280806  0.0204547
0.68  0.4 0.0413765  0.0118022 -0.0268476  0.0199942
0.68  0.44 0.00905711  0.0393729 -0.0239445  -0.0302809
0.68  0.48 0.00842376  0.0631851 -0.0535662  -0.0668311
0.68  0.52 0.0157133  0.0491232 -0.0627617  -0.0432392
0.68  0.56 -0.00745938  0.0179373 0.00353613  -0.0188556
0.68  0.6 -0.0283411  0.0379899 0.0293535  -0.0046336
0.68  0.64 -0.010537  0.0571599 0.00147516  -0.0111286
0.68  0.68 0.00654224  0.0189356 -0.00761084  -0.00221185
0.68  0.72 -0.00223115  0.0278367 -0.00384581  -0.0156181
0.68  0.76 0.0298429  0.0257821 -0.0159461  -0.0294284
0.72  0 0.0229122  -0.0405632 0.0229122  0.0405632
0.72  0.04 0.0436458  -0.0273784 0.0179618  0.149867
0.72  0.08 0.0859782  0.0560845 0.105576  0.121679
0.72  0.12 0.0575683  0.0336665 0.0509311  0.014283
0.72  0.16 0.00684247  0.0446044 0.0327222  0.0173697
0.72  0.2 0.0288984  0.035768 0.0112079  -0.0157143
0.72  0.24 -0.0236946  -0.00580313 -0.0170018  -0.00438409
0.72  0.28 0.00100406  -0.00109073 -0.00273077  0.00356683
0.72  0.32 -0.0149785  0.031443 -0.0308383  0.00175634
0.72  0.36 0.0189026  0.0400644 -0.064566  0.0217924
0.72  0.4 0.0417101  0.00871073 -0.03364  0.00406933
0.72  0.44 0.0302034  0.054376 -0.0127331  -0.0493276
0.72  0.48 0.0919923  0.0392351 -0.0411211  -0.0928082
0.72  0.52 0.0550544  -0.00327581 -0.0183727  -0.0400098
0.72  0.56 0.00963765  0.0151943 0.0114869  -0.00427921
0.72  0.6 0.0107945  0.0273478 0.00673928  -0.00785744
0.72  0.64 0.0204559  0.0167534 -0.0143862  -0.00881379
0.72  0.68 0.00265426  0.0112067 -0.0120317  -0.00410842
0.72  0.72 -0.0156635  0.0185292 -0.000968253  -0.0207724
0.72  0.76 -0.00927439  0.032344 -0.0515995  -0.0160384
0.76  0 0.0322036  -0.0550054 0.0322036  0.0550054
0.76  0.04 0.0686357  -0.0096706 0.0203414  0.136547
0.76  0.08 0.0557161  0.0718179 0.0832107  0.0605997
0.76  0.12 0.0335816  0.0294682 0.0309138  -0.0187376
0.76  0.16 0.0268025  0.00388582 0.00930969  -0.00582775
0.76  0.2 0.0373711  -0.063171 -0.0154967  -0.0163365
0.76  0.24 -0.0136469  -0.0804557 -0.00149224  0.0107593
0.76  0.28 0.00158356  -0.0303586 -0.011966  0.00451558
0.76  0.32 -0.0231209  -0.06819 -0.0587469  -0.0148219
0.76  0.36 -0.046512  0.0179904 -0.067683  -0.0133134
0.76  0.4 0.0187914  0.0445502 -0.0427716  -0.013047
0.76  0.44 -0.0205423  0.0441494 0.000360129  -0.0603778
0.76  0.48 0.0122311  0.0432977 0.00701791  -0.0582175
0.76  0.52 -0.00544835  0.00799732 0.0158453  -0.0232445
0.76  0.56 -0.00359362  0.00595048 0.00208043  -0.00372891
0.76  0.6 -0.0315998  0.0165055 -0.00668234  -0.0140493
0.76  0.64 -0.0368641  0.0424511 -0.0223991  -0.0151896
0.76  0.68 -0.0104564  0.0339546 -0.0142322  -0.00822292
0.76  0.72 -0.0470851  0.0181989 -0.0245324  -0.0229163
0.76  0.76 -0.0639285  0.0617244 -0.0697881  -0.00894131
