0  0.0149087
1  0.0094591
2  0.00642121
3  0.00583484
4  0.00524455
5  0.00494172
6  0.00441155
7  0.00383924
8  0.00359254
9  0.00288491
10  0.00256029
11  0.00245815
12  0.00245009
13  0.00256881
14  0.00212597
15  0.00195857
16  0.00184496
17  0.00162924
18  0.00129227
19  0.00100393
20  0.000833183
21  0.000860057
22  0.00129269
23  0.00096497
24  0.000583381
25  0.000837289
26  0.000577432
27  0.000242964
28  0.000599037
29  0.000980137
30  0.000896869
31  0.00049556
32  0.000749209
33  0.000588742
34  0.000575772
35  0.000437417
36  0.000247175
37  0.000189728
38  0.000147487
39  -3.81829e-05
40  0.000502672
41  0.000340841
42  -2.61076e-05
43  0.000268436
44  0.000280973
45  0.000379728
46  8.80059e-05
47  -6.07303e-05
48  -0.00011348
49  0.000102502
50  0.000162674
51  0.000294723
52  -0.000142422
53  -0.000185017
54  0.000121259
55  0.000342983
56  0.0004963
57  6.78735e-05
58  -0.000380195
59  -0.000500297
60  -0.000252832
61  -0.00048674
62  -0.00046596
63  -0.000580207
64  -0.000584785
65  -0.000525404
66  -0.000218564
67  -0.000154863
68  -0.000497815
69  -0.000120222
70  -9.92388e-05
71  -0.000339189
72  -0.000238746
73  -9.82394e-05
74  0.000355535
75  0.000379665
76  -0.000135809
77  -0.000241824
78  -0.000410594
79  -0.000239925
80  -0.000201382
81  -0.000244672
82  -0.00032692
83  -0.000221557
84  -0.000119689
85  5.73968e-05
86  -5.13573e-05
87  -2.85399e-05
88  -0.000234919
89  -0.000184069
90  -7.87526e-05
91  5.47452e-05
92  -0.000246049
93  -0.000127729
94  0.00063748
95  0.000393783
96  0.00019074
97  8.13246e-05
98  6.79225e-05
99  5.69308e-05
100  -0.000143805
101  0.000419807
102  -0.000217266
103  -0.000410037
104  -0.000449508
105  -0.000399668
106  -0.000364597
107  -0.000416555
108  -0.000247308
109  -0.000418039
110  -0.000382515
111  -0.00015436
112  -0.00037643
113  -0.000504362
114  -0.000477117
115  -0.000321297
116  -4.35173e-05
117  -0.000135588
118  -0.000370904
119  -0.000125381
120  -0.000190439
121  -0.000273513
122  5.50108e-05
123  0.000408725
124  1.72584e-05
125  0.000182021
126  0.000194528
127  0.000232451
128  0.000504088
129  0.000583378
130  0.000203405
131  -8.20663e-05
132  -0.000114171
133  6.6845e-05
134  -0.000238786
135  3.07213e-05
136  0.000295696
137  -4.23841e-05
138  -8.61228e-05
139  2.34684e-05
140  -0.000105907
141  -0.000141838
142  -0.000152768
143  0.000140525
144  5.06346e-05
145  -0.000412758
146  -0.000434255
147  -9.68174e-05
148  -0.000124272
149  -0.000306881
150  -0.000217454
151  3.9653e-05
152  0.000280016
153  -3.99338e-06
154  0.000326565
155  -0.000257012
156  -0.00015449
157  0.000226013
158  0.000146871
159  -0.000252141
160  -2.6127e-05
161  -0.000161669
162  -7.67355e-05
163  -0.000219197
164  -0.000207106
165  -0.000186142
166  0.000152603
167  0.000172564
168  0.000194838
169  0.000295285
170  0.00043796
171  0.000466751
172  0.000277995
173  0.00018722
174  0.000138484
175  0.000170859
176  0.000181105
177  0.000435212
178  0.000237228
179  0.000123401
180  0.000149432
181  0.000319885
182  0.000164011
183  7.68115e-05
184  8.09544e-05
185  1.11912e-05
186  -9.07163e-05
187  0.00011847
188  -4.64893e-05
189  2.43401e-05
190  -9.85861e-05
191  -5.15343e-05
192  0.000131352
193  0.000145242
194  1.54927e-05
195  -6.73159e-05
196  -4.31747e-05
197  7.64155e-05
198  -0.000218099
199  0.000138499
200  0.000442847
201  0.000208416
202  0.00028436
203  -4.55676e-05
204  1.91023e-05
205  -0.000109221
206  -0.00016748
207  2.93884e-05
208  -0.000173247
209  -0.000326166
210  -0.000186755
211  0.000101002
212  6.18547e-05
213  0.000123987
214  0.000330601
215  0.000418958
216  0.000561082
217  0.000208727
218  7.95597e-05
219  0.000134081
220  0.00163197
221  0.000480506
222  0.000541107
223  0.000316687
224  0.000198959
225  0.000504486
226  0.000762978
227  0.000528008
228  0.000355331
229  4.93699e-06
230  -9.68868e-05
231  0.00223815
232  0.00080062
233  0.000424009
234  0.00181462
235  0.00128663
236  -0.00137834
237  0.000511579
238  0.000145691
239  -2.46041e-05
240  -0.00135764
241  -0.00153358
242  0.000275519
243  0.00160862
244  -0.000816293
245  -0.000980011
246  0.00076617
247  0.00031748
248  -0.000234581
249  0.000238636
250  0.000278604
251  0.000110736
252  -0.000974098
253  -0.00286603
254  -0.000749477
255  -0.000671486
256  -3.75633e-05
257  0.000126438
258  -8.98331e-05
259  -0.000840234
260  -0.00226326
261  -0.00230931
262  0.000826412
263  8.79722e-05
264  -0.00242034
265  -0.0019319
266  -0.00119973
267  -0.000214535
268  -0.000514298
269  0.00157909
270  -0.000763632
271  -7.65815e-05
272  -0.00108877
273  0.00102352
274  0.000509602
275  0.00126456
276  0.000397605
277  -0.000163064
278  -0.00137758
279  -0.00272685
280  -0.00336019
281  -0.00341024
282  -0.00168622
283  -4.05955e-05
284  -0.00267306
285  -0.000635424
286  -0.00163716
287  -0.00305191
288  -0.00174314
289  -0.00168299
290  0.0007315
291  -0.0039231
292  -0.00252968
293  -0.00202523
294  -0.00448778
295  -0.00325262
296  0.00110941
297  -0.00074135
298  -0.00017274
299  -0.000483083
300  0.000555311
301  -0.00120285
302  -0.00330402
303  -0.004886
304  -0.00262818
305  -0.00090895
306  -0.00273742
307  -0.00215039
308  -0.000755698
309  -0.00177779
310  -0.000316788
311  0.000193167
312  0.000711542
313  0.0032624
314  0.00322613
315  0.00340059
316  0.000461482
317  0.000502507
318  0.000729936
319  0.00144478
320  0.0037086
321  0.00506702
322  0.000203974
323  0.000798351
324  0.00314536
325  0.00624678
326  0.00205969
327  -0.000795912
328  2.27591e-06
329  -0.00256619
330  0.00049544
331  0.00270283
332  0.00196457
333  -0.00316362
334  -0.00151591
335  -0.00238983
336  0.00037958
337  0.00227669
338  0.00436662
339  0.00656029
340  0.00207344
341  0.00557414
342  0.00164835
343  -0.0025726
344  0.0014879
345  -0.00276947
346  0.00151086
347  0.00434186
348  0.00118795
349  0.00401309
350  -0.00144478
351  -0.00203194
352  -0.000533671
353  -0.00116937
354  0.00069401
355  0.000893694
356  0.000117368
357  0.00110663
358  -0.000781211
359  -0.00124144
360  0.000365832
361  -0.00109667
362  0.00478467
363  0.00675467
364  0.00249076
365  0.002041
366  0.00274289
367  0.00284094
368  0.00210431
369  0.00273444
370  0.00312861
371  0.00432397
372  0.00461443
373  0.00589641
374  0.00384688
375  0.00239775
376  0.000890137
377  -0.000195587
378  -0.000811419
379  -0.00099821
380  -0.000153398
381  -0.00427534
382  -0.00253513
383  0.00117609
384  -0.000209154
385  -0.0035119
386  0.00244151
387  -0.00170987
388  -0.000418135
389  0.000615233
390  0.00271642
391  -0.000689012
392  -0.00362115
393  -0.00290521
394  0.00243811
395  -0.000597909
396  -0.00348932
397  -0.00400102
398  -0.00175308
399  -0.00399218
