 1805.538507 1803.620541 1803.667686
 1757.434145 1757.259938 1757.274687
 1684.513120 1684.124084 1684.133766
 1713.599508 1712.933012 1713.128133
 1708.824892 1708.272056 1708.421907
 1789.017541 1787.876441 1787.996816
 1778.705962 1777.508085 1777.556748
 1681.184722 1680.506484 1680.507183
 1751.962961 1752.107778 1752.244380
 1722.070911 1720.584247 1721.839809
 1744.472154 1743.426764 1744.130107
 1746.659355 1746.657243 1746.675483
 1657.542255 1655.939277 1655.928217
 1757.816444 1757.688123 1758.022826
 1808.195558 1806.029635 1806.872583
 1695.989280 1695.374165 1695.412717
 1738.194221 1738.022018 1738.253418
 1744.068436 1744.033963 1744.159935
 1765.189706 1764.738380 1764.744694
 1693.410097 1693.185858 1693.233192
 1701.223497 1700.118431 1700.788637
 1788.477644 1785.320381 1789.285088
 1777.191272 1776.602944 1776.911093
 1640.941318 1638.761468 1638.730385
 1727.902959 1728.190162 1728.193152
 1764.811076 1763.840867 1764.400203
 1726.811351 1726.153455 1726.689729
 1728.332412 1728.107957 1728.526131
 1695.383294 1695.547983 1695.569745
 1738.734666 1738.849795 1738.848669
 1816.557746 1813.864015 1813.946757
 1680.925520 1679.944077 1680.028634
 1751.599966 1750.662890 1751.375990
 1699.251437 1698.819729 1699.029586
 1759.330999 1758.611717 1758.635013
 1815.940477 1812.917179 1813.066258
 1683.435388 1683.187832 1683.197964
 1687.186673 1686.506247 1686.553199
 1839.923191 1835.635210 1836.138627
 1713.716419 1713.387997 1713.554795
 1681.559501 1680.663340 1680.639017
 1699.497856 1699.342894 1699.346917
 1802.377986 1800.619568 1800.899021
 1782.472272 1780.458899 1782.675681
 1674.813444 1674.181042 1674.184710
 1696.828076 1696.553100 1696.554829
 1850.319353 1844.356055 1844.802104
 1723.311412 1723.406021 1723.407837
 1697.124984 1697.097809 1697.106108
 1746.333231 1745.622529 1746.706671
 1782.160517 1781.444739 1781.626459
 1757.279540 1757.413052 1757.420311
 1728.363394 1728.297923 1728.297882
 1704.826985 1704.335445 1704.397011
 1757.248129 1756.467750 1757.054016
 1727.858035 1727.277412 1727.716456
 1742.532625 1742.759169 1742.770925
 1704.116939 1704.178964 1704.186706
 1726.202013 1726.236551 1726.236594
 1789.786615 1787.358539 1790.519222
 1746.644265 1745.479796 1746.553602
 1649.652377 1647.732678 1647.655758
 1715.938050 1716.253468 1716.257976
 1767.774134 1767.324532 1767.532503
 1755.975010 1755.426366 1756.144632
 1675.433569 1673.735871 1674.175452
 1694.621406 1693.731554 1694.270471
 1827.797647 1824.705709 1824.890547
 1712.658061 1712.852154 1712.857386
 1653.545366 1651.886876 1651.883252
 1747.181028 1746.984044 1747.091648
 1750.508111 1749.323125 1750.781953
 1747.825750 1747.425968 1748.048965
 1709.736385 1709.714368 1709.716915
 1686.165069 1685.703509 1685.707305
 1788.685298 1787.641521 1787.724331
 1747.053932 1745.595924 1746.985982
 1694.058622 1693.149343 1693.265491
 1694.197813 1693.568281 1693.674198
 1748.829728 1749.007665 1749.014893
 1797.978057 1796.454519 1796.491568
 1761.577223 1761.319247 1761.322198
 1632.534853 1629.286077 1629.085162
 1725.705208 1725.904053 1726.043340
 1811.797375 1809.224450 1809.991608
 1704.260836 1704.348370 1704.354051
 1651.150858 1649.408727 1649.344726
 1727.989061 1727.961689 1728.502728
 1760.552230 1758.359504 1762.548055
 1779.587015 1778.450413 1779.408471
 1648.842414 1646.804845 1646.778087
 1725.972657 1725.769681 1725.766459
 1786.037553 1784.833718 1785.271763
 1748.675614 1748.194004 1748.775259
 1686.688251 1685.947980 1686.257027
 1754.703410 1754.623921 1754.625149
 1751.843966 1751.986451 1751.999818
 1752.609805 1752.427397 1752.429884
 1695.145431 1694.692198 1694.680890
 1710.574320 1709.860093 1710.076510
 1724.200270 1723.526699 1724.076483
 1795.140651 1793.572664 1793.612941
 1749.254378 1748.909426 1748.918866
 1680.437280 1680.324126 1680.345156
 1698.300295 1697.538098 1697.904697
 1848.133884 1842.883614 1843.723219
 1729.438174 1729.283091 1729.383646
 1638.053408 1635.212061 1635.136980
 1675.518207 1674.935150 1674.948304
 1828.977703 1825.557712 1826.024042
 1785.940856 1783.244762 1785.643548
 1655.292227 1653.493533 1653.495458
 1676.124555 1675.337055 1675.315999
 1822.338835 1819.087887 1819.226489
 1702.510583 1702.526763 1702.561509
 1679.955784 1679.174716 1679.160667
 1734.356937 1733.385380 1733.909394
 1802.807722 1801.119249 1801.169804
 1711.328416 1712.238686 1712.314131
 1704.919792 1705.178415 1705.190562
 1709.774429 1709.203051 1709.323311
 1758.630125 1757.365701 1758.274127
 1714.590678 1713.077243 1714.069471
 1682.349382 1682.060588 1682.094390
 1690.392455 1690.203246 1690.214615
 1748.537359 1748.738453 1748.741600
 1761.398007 1759.706510 1762.600985
 1751.937507 1751.546128 1752.076928
 1656.474002 1654.895176 1654.837542
 1687.351174 1687.229707 1687.243647
 1780.667148 1779.498932 1779.818549
 1786.118152 1784.740515 1785.065689
 1650.610675 1648.023778 1647.973843
 1701.366351 1700.571319 1701.080862
 1781.617923 1780.379289 1780.956956
 1763.681849 1763.219949 1763.227749
 1683.084318 1682.463421 1682.463233
 1697.071516 1696.814198 1696.814749
 1766.762091 1765.788573 1766.368640
 1732.324330 1732.151597 1732.299551
 1687.101363 1686.342509 1686.371271
 1737.498106 1737.369200 1737.565835
 1774.745337 1774.047414 1774.090015
 1734.531790 1734.447133 1734.487155
 1682.943514 1681.726110 1681.813157
 1741.427864 1740.166419 1740.922483
 1780.186542 1779.325185 1779.398252
 1776.653512 1775.155593 1775.232567
 1707.648760 1707.629078 1707.632757
 1663.237086 1661.890114 1661.850899
 1777.848020 1776.870878 1777.118902
 1777.170691 1775.993186 1776.508856
 1692.741667 1692.595190 1692.601610
 1665.667624 1664.723144 1664.719720
 1740.354096 1740.801929 1741.023246
 1760.675699 1756.982103 1764.784890
 1709.166672 1707.602840 1708.720447
 1703.920752 1703.307415 1703.415859
 1757.957686 1758.318195 1758.607422
 1705.026182 1704.504798 1705.492724
 1706.021931 1705.066574 1705.913454
 1725.233351 1724.514387 1724.880281
 1828.323942 1824.984749 1825.212508
 1715.144444 1715.594112 1715.805174
 1671.701523 1671.130346 1671.155639
 1733.197432 1733.170087 1733.187519
 1795.273880 1793.640806 1793.862409
 1731.888498 1731.147314 1731.586665
 1711.040050 1711.074200 1711.076780
 1689.633293 1689.511933 1689.520259
 1746.647911 1746.948607 1747.061518
 1792.444561 1789.873625 1791.669197
 1768.881045 1768.036583 1768.252483
 1657.913041 1656.224942 1656.158040
 1735.159664 1735.401745 1735.408962
 1761.596968 1761.188853 1761.464780
 1792.063020 1790.711299 1790.737307
 1649.514693 1647.576515 1647.490084
 1675.106320 1674.436574 1674.693741
 1797.800622 1795.840871 1797.009950
 1764.174918 1764.079274 1764.138437
 1611.052390 1606.605256 1606.337299
 1734.826732 1734.831135 1735.126114
 1779.687509 1777.988423 1779.668432
 1714.981164 1714.969756 1716.198412
 1643.847466 1640.370435 1641.073346
 1748.598080 1748.499169 1748.793085
 1788.372725 1787.235818 1787.488565
 1712.209144 1712.633009 1712.734671
 1641.127415 1637.903779 1638.140989
 1762.355403 1761.713303 1762.615096
 1760.297919 1759.921118 1760.119611
 1744.413426 1744.792795 1744.848726
 1657.961006 1656.501151 1656.708763
 1724.146420 1724.300021 1724.572477
 1746.935439 1746.255139 1746.676844
 1766.982819 1766.552056 1766.618534
 1725.190255 1725.272851 1725.283953
 1703.107944 1701.770887 1701.607878
 1728.415954 1728.613570 1728.685076
 1842.932842 1838.663094 1838.798662
 1725.832357 1725.289191 1725.707874
 1714.389040 1714.117617 1714.099003
 1736.920174 1736.923039 1736.924187
 1774.630071 1773.924024 1774.196398
 1717.465872 1717.228549 1717.267418
 1718.590272 1718.633017 1718.635670
 1730.506450 1730.418386 1730.490853
 1810.041023 1807.421604 1807.543940
 1755.742375 1755.251950 1755.267138
 1694.502122 1693.626718 1693.529177
 1740.455744 1740.280593 1740.367666
 1797.751418 1796.158448 1796.266732
 1742.532628 1742.491689 1742.492645
 1747.775043 1747.765940 1747.770470
 1681.775374 1681.114421 1681.106293
 1750.380655 1750.093440 1750.408189
 1802.580120 1800.668217 1800.822846
 1712.012861 1711.889562 1711.893598
 1677.632766 1676.899129 1676.880763
 1756.600980 1756.167162 1756.178456
 1801.910783 1800.322233 1800.576337
 1754.422435 1754.410510 1754.487000
 1697.643510 1697.539031 1697.547760
 1723.166020 1723.267455 1723.308242
 1816.002724 1813.418269 1813.643405
 1748.782152 1748.101032 1748.883054
 1658.536130 1657.089641 1657.047381
 1733.928264 1733.816409 1734.221775
 1800.338489 1798.601680 1799.304011
 1762.318444 1761.994985 1762.833428
 1666.178521 1665.879215 1665.935148
 1690.336010 1690.236856 1690.256916
 1813.604217 1811.278825 1811.785685
 1746.236284 1745.895242 1746.533737
 1671.837867 1671.284640 1671.335966
 1684.154366 1683.616337 1683.970679
 1820.342322 1817.705834 1817.900678
 1767.372071 1766.685159 1767.555661
 1673.468574 1672.795224 1672.787577
 1702.433773 1702.045990 1702.076552
 1781.724361 1780.798252 1781.159693
 1765.116585 1764.884193 1764.992861
 1716.445940 1716.599869 1716.602639
 1685.023609 1684.689596 1684.698860
 1781.474125 1780.790044 1780.866671
 1784.317813 1783.217169 1783.689913
 1737.631840 1737.717225 1737.727304
 1697.090617 1696.831496 1696.827930
 1754.673818 1754.532606 1754.536332
 1768.165565 1767.069723 1768.203725
 1765.790715 1765.336147 1765.640560
 1701.132287 1700.942542 1701.126526
 1730.739036 1731.268561 1731.345186
 1794.168534 1792.775057 1792.803877
 1788.268556 1787.164499 1787.188025
 1652.527222 1650.783594 1650.730638
 1744.710316 1744.838897 1744.938442
 1782.343488 1781.097598 1781.834462
 1754.570151 1754.503895 1754.511029
 1677.888323 1677.418239 1677.528549
 1712.469090 1712.555958 1712.574879
 1784.598060 1782.547411 1783.707579
 1778.200828 1777.395909 1777.534494
 1636.693751 1634.447884 1634.392324
 1748.117029 1748.328771 1748.335937
 1797.572199 1796.250467 1796.362467
 1740.582776 1740.942585 1741.312542
 1667.255786 1666.457636 1666.590394
 1728.760720 1729.039210 1729.227448
 1748.786033 1748.528490 1748.853877
 1731.139495 1731.339533 1731.350847
 1681.168528 1680.469101 1680.602253
 1718.076453 1718.209456 1718.478661
 1764.758073 1764.313031 1765.131403
 1744.717028 1745.225403 1745.322396
 1677.045907 1676.885762 1676.948689
 1755.235043 1755.456069 1755.514445
 1712.194932 1712.029426 1712.303739
 1738.514877 1738.897027 1739.350755
 1716.721402 1715.928883 1717.024040
 1716.929948 1717.286195 1717.494767
 1738.678431 1738.743910 1739.077037
 1721.460220 1721.621725 1721.624179
 1733.906002 1733.266424 1733.876431
 1744.286024 1744.146462 1744.273342
 1688.182878 1687.611437 1687.649575
 1760.334551 1760.348265 1760.406916
 1760.084707 1759.892921 1759.904533
 1740.634273 1741.084126 1741.111036
 1683.790662 1683.096863 1683.649690
 1727.739421 1727.555285 1728.206009
 1792.844347 1791.127256 1791.683033
 1729.888937 1730.005682 1730.009893
 1689.674920 1689.066986 1689.294146
 1730.883769 1730.977360 1731.498243
 1749.397034 1749.080326 1749.632895
 1778.054944 1777.305149 1777.612996
 1699.959357 1700.144455 1700.161505
 1656.364903 1655.104366 1655.112627
 1769.759695 1769.329059 1769.337886
 1793.466311 1791.727680 1792.608461
 1684.294670 1683.800622 1683.900580
 1679.281173 1679.100435 1679.128068
 1750.765631 1751.022609 1751.219181
 1794.873969 1793.439273 1793.853842
 1736.953823 1737.042974 1737.311490
 1641.622111 1639.045337 1638.934031
 1753.013336 1752.761203 1753.110255
 1800.189736 1798.513434 1799.199226
 1692.669568 1692.629786 1692.641955
 1693.328115 1693.567974 1693.608080
 1757.835389 1758.005751 1758.071260
 1740.190993 1740.134656 1741.057707
 1738.275068 1738.539765 1738.570587
 1675.488623 1674.609714 1674.582057
 1724.834020 1724.978721 1725.269595
 1758.949163 1758.223869 1759.016132
 1725.248454 1725.181325 1725.779000
 1686.125144 1685.461305 1686.088445
 1715.575486 1715.990539 1716.133234
 1758.030088 1757.667969 1758.008693
 1790.237073 1788.890385 1788.924127
 1650.467262 1648.676970 1648.616287
 1668.926638 1668.025542 1668.079626
 1810.464225 1807.845648 1808.745511
 1793.742599 1792.376020 1792.730943
 1631.341452 1628.819111 1628.769411
 1662.727179 1661.597310 1661.695240
 1764.231104 1763.332016 1763.915071
 1803.032105 1800.462782 1801.766770
 1659.302503 1657.448477 1657.551890
 1690.727430 1690.615608 1690.625773
 1798.498972 1796.755945 1796.808650
 1754.664622 1754.781455 1754.859971
 1693.620309 1692.852330 1693.316558
 1735.623630 1735.201580 1735.667649
 1711.750716 1711.547289 1711.716445
 1739.167684 1739.299190 1740.171274
 1692.836806 1692.767838 1692.970287
 1736.635974 1736.796238 1737.065190
 1726.946574 1726.581613 1727.849233
 1690.071513 1689.629605 1690.182801
 1733.390165 1733.597241 1734.077839
 1726.822155 1727.022925 1727.023142
 1652.201394 1650.797799 1650.771482
 1761.178281 1761.291809 1761.963505
 1749.692139 1748.543918 1751.137162
 1689.114960 1688.233906 1689.263251
 1682.897647 1682.017272 1682.411571
 1711.151628 1710.603531 1711.684694
 1753.025353 1752.402653 1753.275244
 1719.968574 1720.323445 1720.557672
 1638.842978 1635.681572 1635.553559
 1808.346056 1805.972161 1806.462515
 1803.524562 1801.391698 1802.198772
 1680.018244 1679.847140 1679.866244
 1702.201309 1701.965061 1702.355445
 1733.214991 1732.719193 1732.999942
 1742.920832 1742.503236 1742.610776
 1760.881832 1760.162779 1760.550184
 1682.370539 1681.355306 1681.368207
 1766.284831 1765.549451 1765.574435
 1757.019692 1756.917516 1756.959333
 1718.441283 1718.170971 1718.376209
 1774.129255 1772.751061 1773.400041
 1699.013418 1698.690623 1698.687186
 1682.250281 1681.759250 1681.760851
 1781.227505 1780.431762 1780.448437
 1726.614232 1726.622295 1726.633211
 1708.752194 1708.025179 1708.488588
 1724.414621 1722.958614 1724.626106
 1742.314464 1742.193673 1742.688909
 1765.736545 1765.533315 1765.550466
 1657.780868 1656.298431 1656.293213
 1708.703545 1707.861666 1708.286536
 1808.126305 1804.807464 1807.004807
 1710.012115 1709.805900 1710.480619
 1656.217793 1655.213120 1655.292771
 1706.996041 1707.168393 1707.335176
 1754.449462 1752.968652 1754.959974
 1761.342244 1758.898238 1762.433244
 1626.000265 1621.130463 1621.401780
 1700.494974 1700.332943 1700.395696
 1818.335715 1815.818634 1815.927267
 1746.119281 1746.375475 1746.421810
 1678.374024 1677.453115 1677.763418
 1714.687129 1714.588181 1715.163048
 1714.389576 1713.569616 1714.050792
 1775.367194 1774.782521 1774.937982
 1694.216674 1693.530971 1693.565380
 1718.497126 1718.625394 1718.629873
 1755.269728 1754.487577 1755.410081
 1733.077976 1732.754811 1733.026101
 1741.199704 1740.935491 1741.103974
 1755.989998 1754.824887 1754.838169
 1685.062748 1684.529986 1684.528908
 1763.352336 1763.254252 1763.294418
 1730.714120 1730.134368 1730.519320
 1709.150996 1708.987736 1709.037700
 1756.995080 1756.495558 1757.040992
 1750.631858 1750.865600 1750.953287
 1699.758678 1699.547655 1699.697446
 1745.663580 1745.696221 1745.792517
 1696.198306 1694.619081 1695.346413
 1770.154160 1769.506265 1769.841328
 1698.748879 1698.826682 1698.846487
 1650.925337 1649.593778 1649.581791
 1758.058884 1757.573462 1758.686005
 1766.445417 1764.438009 1767.169994
 1661.301536 1659.098691 1659.669144
 1744.305253 1743.798634 1745.364232
 1683.609440 1681.983887 1683.972344
 1715.671704 1715.325207 1716.560075
 1716.558527 1716.365154 1717.307013
 1674.081332 1673.242847 1673.386045
 1722.773423 1722.291858 1723.655875
 1738.291220 1737.842378 1739.491946
 1728.454619 1728.654192 1728.910822
 1751.437496 1751.492486 1751.635797
 1648.390884 1646.568626 1646.552819
 1723.369864 1723.250819 1723.494765
 1761.684874 1761.191269 1761.511103
 1694.325854 1693.925373 1693.984614
 1712.623026 1712.654781 1712.760258
 1743.750705 1743.765931 1743.784882
 1716.432807 1716.175333 1716.537290
 1758.249643 1756.903077 1758.245516
 1704.733412 1704.230601 1704.320859
 1747.020156 1746.936197 1746.936799
 1735.687511 1735.841233 1735.845048
 1697.161962 1696.640995 1696.762711
 1745.741518 1745.356246 1745.501035
 1763.650089 1763.270355 1763.281326
 1713.148752 1713.042827 1713.209391
 1779.728618 1778.651905 1778.685853
 1734.148515 1734.271637 1734.293066
 1727.105280 1727.194192 1727.200680
 1735.896948 1735.205786 1736.005214
 1757.061038 1756.901918 1756.961901
 1726.292385 1726.279877 1726.279782
 1719.419973 1719.565786 1719.567339
 1721.112336 1720.808525 1721.159361
 1787.424933 1786.134995 1786.537354
 1735.767101 1735.487188 1735.615851
 1675.824840 1675.170906 1675.166555
 1755.839962 1755.274553 1755.949498
 1786.810878 1785.753522 1785.774816
 1690.825317 1690.547883 1690.548208
 1700.360616 1700.599674 1700.631557
 1734.425939 1733.967749 1734.801917
 1770.268750 1769.934311 1769.973916
 1714.018999 1714.258283 1714.284676
 1691.690288 1691.767252 1692.111785
 1739.323659 1738.142488 1739.680087
 1753.845715 1753.389460 1753.834265
 1719.080932 1718.835606 1719.213321
 1727.735018 1728.358927 1728.612602
 1704.595302 1705.020456 1705.097706
 1729.448993 1729.417522 1729.417572
 1770.815838 1770.184812 1770.557378
 1747.640899 1747.016758 1747.693585
 1703.491790 1703.516725 1703.521388
 1733.886501 1733.592845 1733.592244
 1774.158484 1773.678722 1773.855845
 1747.673409 1746.383945 1747.825852
 1703.548450 1702.756715 1703.165894
 1722.211820 1721.601995 1722.072483
 1755.475072 1755.498625 1756.014352
 1723.745684 1724.136869 1724.169433
 1714.799982 1714.809103 1714.810339
 1739.023443 1738.371939 1738.927373
 1744.570287 1744.111224 1745.244429
 1755.637308 1755.642998 1755.746104
 1728.969999 1728.068361 1728.027009
 1708.348677 1708.696987 1708.735277
 1719.231296 1719.489040 1720.081534
 1733.144137 1732.349029 1732.959734
 1725.162796 1725.110814 1725.331440
 1689.824652 1689.668067 1689.759119
 1710.628254 1711.315766 1711.398700
 1755.920925 1755.821145 1755.921828
 1724.905302 1724.874981 1725.270955
 1689.169935 1687.162856 1688.678369
 1748.191935 1748.157579 1748.573877
 1769.724642 1769.059489 1769.074613
 1696.791044 1696.909949 1696.921856
 1674.177952 1672.972369 1673.376244
 1725.596010 1724.387415 1726.017425
 1751.180419 1750.252646 1750.941254
 1709.831703 1709.275966 1710.103029
 1658.092565 1657.067503 1657.081941
 1747.300529 1747.373341 1747.515456
 1797.867015 1795.807066 1796.489049
 1713.068339 1712.478311 1712.914629
 1677.483728 1676.999176 1677.013330
 1752.264206 1752.144941 1752.146356
 1795.019857 1793.640520 1793.834617
 1707.102516 1706.876266 1707.140844
 1638.728518 1635.905726 1635.762934
 1778.091776 1776.088106 1777.477196
 1779.227059 1778.166737 1778.587995
 1668.843343 1668.008388 1668.069240
 1677.406470 1676.993066 1677.004392
 1773.613575 1772.782693 1772.963350
 1747.541899 1746.889811 1747.670843
 1680.480492 1680.271429 1680.355680
 1700.137653 1700.251383 1700.261694
 1766.298567 1764.993162 1765.042920
 1724.379786 1724.902141 1725.058480
 1701.021189 1700.037012 1701.060417
 1692.517407 1691.789485 1692.048653
 1752.740852 1752.175073 1752.721150
 1686.547504 1686.241432 1686.543799
 1720.875856 1721.388123 1721.722254
 1711.790590 1711.976829 1712.230247
 1725.484866 1725.448470 1726.294269
 1742.043377 1741.404719 1743.819375
 1728.317078 1728.954628 1728.967531
 1736.034484 1736.054811 1736.054640
 1720.384642 1720.899762 1720.916579
 1681.295743 1679.814106 1680.578942
 1743.887382 1743.148979 1744.044099
 1737.308299 1737.134788 1737.257158
 1745.281312 1745.292716 1745.295566
 1679.111540 1678.698518 1678.700385
 1776.907655 1776.198581 1776.211137
 1783.127222 1781.986571 1782.148231
 1729.500218 1729.688502 1729.694779
 1696.948794 1696.858153 1696.864801
 1757.786149 1756.775856 1756.806834
 1827.740856 1824.465738 1824.549072
 1698.622841 1698.346627 1698.464493
 1657.813745 1655.244174 1655.395741
 1801.983309 1800.115680 1800.393303
 1783.570320 1782.604577 1782.639251
 1704.043434 1704.223063 1704.233010
 1640.416722 1638.296176 1638.238096
 1787.985001 1786.890868 1786.918980
 1804.933465 1801.620222 1803.938267
 1663.872202 1663.314645 1663.336967
 1652.228744 1651.038388 1651.061635
 1785.470848 1784.524050 1784.545038
 1740.333988 1738.913452 1741.377651
 1669.494022 1667.417089 1668.700678
 1688.680259 1687.473373 1688.350558
 1740.960349 1740.944934 1741.477372
 1722.048467 1722.711338 1723.180125
 1690.317831 1690.438012 1690.647468
 1712.769216 1711.952196 1713.813677
 1740.799909 1738.649851 1742.474903
 1675.068028 1674.307977 1675.273675
 1733.745060 1734.215106 1734.370735
 1739.734114 1740.060472 1740.085723
 1697.300832 1696.751181 1696.882826
 1733.113275 1732.438329 1733.011011
 1727.218981 1726.713473 1727.140938
 1764.124029 1763.754647 1763.759905
 1733.230438 1733.253112 1733.252968
 1687.912779 1687.941137 1687.960627
 1733.958615 1733.819320 1734.020681
 1764.934162 1764.181049 1764.541125
 1744.112701 1743.552697 1743.752651
 1696.319986 1696.228220 1696.235973
 1723.657930 1723.669141 1723.669255
 1794.011845 1792.637704 1792.705364
 1760.399005 1758.925431 1760.060300
 1670.077986 1669.084906 1669.078160
 1731.462211 1731.473809 1731.520049
 1867.698584 1860.448536 1860.988478
 1711.011000 1711.143493 1711.148418
 1664.383742 1663.705542 1663.723530
 1739.158905 1738.024626 1739.182024
 1808.717470 1806.171908 1807.285566
 1709.935996 1710.422688 1710.523855
 1642.129464 1640.656435 1640.709402
 1757.643077 1757.506947 1757.687661
 1779.640143 1778.610351 1779.441787
 1686.026150 1684.557723 1685.497173
 1678.738308 1678.269883 1678.693318
 1746.691963 1747.225395 1747.474405
 1770.082130 1770.133585 1770.263795
 1677.913421 1677.570048 1678.413125
 1726.122295 1724.891369 1727.242669
 1714.698895 1713.735978 1715.524195
 1747.210898 1747.051764 1748.365035
 1695.166893 1695.783646 1695.871241
 1711.377715 1711.660671 1711.736392
 1758.356395 1756.813442 1759.082208
 1680.351629 1678.791018 1680.506626
 1718.897597 1718.613360 1719.741506
 1777.754274 1777.088223 1777.115502
 1707.181643 1707.481626 1707.492982
 1718.207757 1718.476632 1718.482384
 1711.858191 1711.753777 1712.175348
 1806.846129 1803.956620 1805.139057
 1722.590336 1722.870210 1722.905065
 1680.310200 1679.703633 1679.711952
 1749.688781 1749.739770 1749.792776
 1792.018309 1790.165467 1790.928302
 1707.953876 1706.806229 1707.480385
 1696.042916 1695.696102 1695.781311
 1762.087198 1761.828186 1761.840291
 1780.962557 1779.760821 1779.805411
 1708.114786 1708.347750 1708.403918
 1714.539156 1714.386287 1714.592650
 1733.197346 1732.862808 1733.282050
 1791.921595 1790.739281 1790.782318
 1677.170120 1676.607590 1676.642690
 1702.511861 1702.999172 1703.027273
 1745.596104 1744.780043 1746.224471
 1740.710710 1739.720200 1741.173831
 1683.896862 1682.318087 1683.581280
 1687.927644 1688.405980 1688.475509
 1768.103087 1767.866082 1768.351030
 1783.177755 1782.666835 1783.168332
 1675.324030 1673.836119 1674.696314
 1728.774949 1728.883138 1729.657296
 1755.090930 1754.537784 1755.774771
 1720.442236 1721.133081 1721.146095
 1701.178024 1701.491283 1701.604816
 1757.584082 1757.592120 1757.691487
 1714.268566 1713.702584 1714.510609
 1752.509529 1752.716817 1752.867293
 1709.958773 1710.094079 1710.206326
 1724.496918 1724.150940 1724.144380
 1723.660110 1724.051186 1724.071709
 1721.285777 1721.206832 1721.727765
 1734.844807 1733.638266 1734.874350
 1710.902868 1711.216691 1711.247052
 1708.508363 1708.619772 1708.625177
 1778.676950 1777.950462 1777.964911
 1723.625256 1723.626544 1723.924105
 1709.243819 1709.171405 1709.202562
 1728.064446 1727.760389 1728.105990
 1756.715363 1756.728685 1756.790240
 1729.371298 1728.919179 1728.909295
 1733.403106 1733.285164 1733.285913
 1714.939367 1714.875034 1715.115860
 1742.447183 1741.892681 1742.875412
 1740.918282 1741.043185 1741.053472
 1711.128022 1711.014680 1711.014106
 1736.578574 1736.968549 1736.974773
 1726.357361 1726.506936 1726.663222
 1721.312028 1721.211486 1721.534811
 1752.665755 1751.856291 1752.797624
 1703.817281 1703.980890 1704.105710
 1720.820309 1721.105418 1721.141695
 1749.020215 1748.611402 1748.621951
 1713.947038 1713.321450 1713.716466
 1720.044453 1719.495563 1720.123487
 1715.635770 1715.281376 1715.669816
 1746.117549 1746.258714 1746.261646
 1747.345064 1747.655937 1747.724486
 1697.044620 1697.337737 1697.433697
 1691.827555 1691.419824 1691.445435
 1763.141389 1762.173494 1763.304397
 1705.175919 1703.706924 1705.442537
 1690.174428 1690.450784 1690.507942
 1709.561612 1710.347275 1710.454228
 1710.238844 1710.425815 1711.126309
 1755.896706 1752.791430 1759.288042
 1709.242747 1708.614110 1709.837656
 1685.279573 1684.999453 1685.229566
 1761.610804 1761.811815 1762.464574
 1711.828867 1712.374452 1712.736806
 1741.547466 1741.209988 1742.677892
 1687.327364 1686.090515 1687.748722
 1677.784980 1676.772474 1677.740899
 1749.651405 1750.142079 1750.419829
 1731.282557 1731.487158 1731.489320
 1676.837975 1676.471203 1676.515987
 1715.862184 1715.883297 1716.082447
 1752.033710 1751.585634 1752.199467
 1759.809586 1759.604439 1759.745668
 1713.558852 1713.708691 1713.712181
 1711.400569 1711.449249 1711.451728
 1733.768873 1733.829765 1733.882008
 1767.669452 1766.170454 1767.075902
 1691.820988 1690.900256 1691.352245
 1742.619882 1742.678967 1742.692469
 1691.282359 1691.258784 1691.270652
 1753.233711 1753.271078 1753.290100
 1783.167200 1781.921438 1782.730681
 1685.652312 1684.924409 1685.009622
 1694.876649 1694.628891 1694.688195
 1760.376996 1760.332759 1760.407414
 1737.580646 1737.734550 1737.835635
 1725.700791 1726.068773 1726.178865
 1660.233016 1658.278007 1658.740462
 1758.888451 1757.620382 1759.316654
 1755.020511 1754.136365 1755.552728
 1689.452128 1689.423793 1689.439170
 1677.026286 1676.475887 1676.491098
 1742.813824 1743.049599 1743.165854
 1731.969149 1731.088794 1732.162529
 1744.327046 1744.060921 1744.664863
 1717.805349 1717.626257 1717.939082
 1708.502992 1708.729627 1708.737102
 1720.848815 1721.211104 1721.408536
 1733.170327 1732.959186 1733.323863
 1707.532358 1706.074807 1707.095411
 1731.328180 1731.584114 1731.629378
 1688.822813 1688.591108 1688.600083
 1803.585710 1801.537565 1801.603883
 1753.618255 1753.434544 1753.880927
 1685.946615 1685.570314 1685.605877
 1744.060429 1743.573337 1744.222905
 1785.471919 1784.657788 1784.820382
 1710.632346 1710.879023 1710.907810
 1686.027656 1686.014209 1686.035321
 1725.398497 1725.073817 1726.022518
 1823.355176 1819.891644 1821.247671
 1729.703446 1729.791777 1730.217575
 1647.061292 1645.176233 1645.172978
 1729.151221 1729.456671 1729.572539
 1825.586377 1822.476640 1822.747031
 1731.460533 1731.280501 1731.466282
 1681.438194 1680.953450 1681.136037
 1710.509966 1710.886833 1711.030532
 1807.715575 1805.529217 1805.589865
 1760.811472 1760.590257 1760.595591
 1674.177262 1673.022463 1673.059805
 1712.605272 1711.696976 1712.467980
 1782.787582 1781.533563 1781.888896
 1706.998162 1707.126467 1707.225646
 1706.867942 1707.375384 1707.631726
 1731.738313 1732.087827 1732.306024
 1734.568414 1734.525217 1734.795304
 1703.912383 1703.865189 1704.141837
 1702.498040 1702.406318 1702.482592
 1735.650121 1735.804269 1735.804075
 1733.744147 1734.174569 1734.307183
 1709.701052 1709.438034 1709.749425
 1751.210086 1749.910395 1751.387486
 1755.591432 1754.797007 1755.466746
 1669.838680 1668.316613 1668.480730
 1702.688049 1702.753973 1702.785034
 1771.926920 1771.331137 1771.339742
 1739.325171 1739.412897 1739.568714
 1674.400871 1673.165010 1673.825304
 1711.321914 1711.257445 1711.492503
 1807.296129 1805.251395 1805.296547
 1726.550421 1726.642607 1726.642934
 1640.201003 1638.041265 1637.991033
 1723.824130 1723.078197 1723.895571
 1785.313005 1783.091018 1784.679803
 1722.973796 1722.617245 1723.442743
 1655.750719 1655.016854 1655.049949
 1722.356948 1722.571319 1722.573112
 1770.671426 1770.156298 1770.402361
 1734.199243 1733.253454 1734.684479
 1670.175245 1668.835125 1668.959105
 1733.932549 1734.109457 1734.126277
 1720.038291 1720.639682 1720.685195
 1703.135889 1703.221673 1703.382558
 1746.566692 1745.217339 1747.069851
 1724.274501 1723.382180 1723.966295
 1673.518418 1671.914904 1672.307861
 1728.761368 1729.121091 1729.241274
 1768.672010 1768.004924 1768.021959
 1753.572997 1753.577876 1753.587290
 1642.050500 1639.492536 1639.719101
 1739.389944 1738.712143 1739.994696
 1814.693636 1812.414679 1812.675196
 1703.389235 1703.387140 1703.392390
 1651.837926 1650.634138 1650.755343
 1743.806374 1743.486515 1743.981058
 1763.642431 1762.517740 1763.231065
 1732.556478 1731.844119 1732.964687
 1664.154165 1663.066727 1663.375590
 1743.895947 1743.684259 1743.688706
 1792.853726 1791.332997 1791.376272
 1735.067086 1735.165671 1735.634113
 1672.084971 1670.020686 1670.751117
 1761.344360 1761.088090 1761.149786
 1743.884834 1743.910643 1743.928898
 1716.467830 1717.081399 1717.096300
 1698.428090 1698.327962 1698.823092
 1732.394715 1731.969468 1732.414414
 1762.790247 1760.856609 1762.688231
 1715.631215 1715.834798 1716.376537
 1682.634117 1682.217978 1682.228074
 1750.100105 1748.428275 1748.419979
 1725.338070 1725.525862 1725.706065
 1748.990714 1748.443694 1749.529635
 1722.296416 1721.604413 1722.552272
 1725.995482 1725.849172 1725.846307
 1712.655762 1713.019965 1713.297289
 1740.474131 1740.575595 1740.650179
 1723.485898 1723.188543 1723.269927
 1761.444905 1760.614220 1761.272341
 1678.132448 1677.047235 1677.436342
 1718.356996 1719.169542 1719.205982
 1791.971430 1789.633128 1789.779097
 1720.351685 1720.590247 1720.599724
 1676.469804 1675.300421 1675.769303
 1735.141478 1735.452909 1735.592281
 1756.998432 1756.791441 1756.942007
 1750.252059 1750.388116 1750.433642
 1661.289038 1659.808676 1659.818336
 1721.792528 1721.573737 1722.061452
 1775.071355 1772.825425 1775.127821
 1718.511246 1717.695592 1718.614088
 1677.875420 1677.307151 1677.309931
 1703.746952 1704.046324 1704.058890
 1738.815342 1739.365673 1739.506797
 1776.425269 1776.090043 1776.590863
 1702.080077 1701.966245 1702.036148
 1681.514197 1681.137715 1681.175354
 1742.261480 1742.645271 1743.168522
 1777.755123 1776.977565 1777.067760
 1720.746842 1720.474972 1721.219293
 1666.369960 1663.890765 1664.689469
 1695.111896 1694.126354 1694.898557
 1804.006589 1802.195827 1802.695096
 1739.686121 1739.699381 1739.699111
 1659.181687 1658.513874 1658.538168
 1709.569107 1710.065803 1710.274851
 1773.413333 1772.610379 1773.192391
 1738.278270 1737.779806 1738.667069
 1680.524231 1679.932852 1680.248179
 1708.793740 1708.692592 1708.899874
 1771.476344 1770.554350 1771.108952
 1696.793025 1695.171492 1696.631378
 1677.513682 1676.242376 1676.698599
 1743.698196 1743.941035 1743.988609
 1752.195901 1752.302953 1752.312483
 1714.276375 1714.888083 1714.951665
 1715.004403 1715.481537 1715.678745
 1731.189698 1731.098039 1731.251833
 1756.160726 1755.798486 1756.190415
 1728.682674 1728.622197 1729.012427
 1694.082047 1693.944153 1693.975449
 1748.187850 1748.050208 1748.285955
 1706.236893 1706.257309 1706.555206
 1710.391437 1709.546862 1710.665510
 1750.929103 1750.750425 1751.077436
 1687.499870 1687.205701 1687.210518
 1707.539114 1707.744089 1707.751635
 1751.239900 1750.997827 1751.462300
 1747.164950 1745.996242 1747.669101
 1707.647173 1707.446445 1707.636918
 1672.515073 1671.916061 1671.945646
 1765.597210 1765.106618 1765.602934
 1745.958937 1745.981700 1746.206396
 1671.599081 1670.427235 1670.474848
 1672.947865 1671.526155 1671.755028
 1787.816656 1786.220361 1787.379141
 1744.550541 1744.691113 1744.950682
 1672.230719 1671.936066 1671.962839
 1721.991634 1722.496322 1722.572243
 1767.634536 1767.204807 1767.337791
 1753.745645 1753.469566 1753.655807
 1702.576498 1702.710009 1702.844950
 1666.889905 1665.780512 1665.789189
 1770.514912 1770.151320 1770.425643
 1720.465821 1720.443510 1720.684386
 1716.492181 1715.956616 1716.374860
 1697.241599 1695.556375 1696.562462
 1716.076376 1716.311290 1716.448601
 1735.280158 1735.120992 1735.906661
 1758.302448 1758.071464 1758.075379
 1678.882260 1677.884334 1678.212682
 1695.507037 1695.619452 1696.093679
 1748.851486 1748.287213 1749.117316
 1764.406081 1763.929233 1764.331879
 1665.747516 1664.786763 1664.841262
 1681.232957 1681.048177 1681.164520
 1760.296046 1759.219946 1760.431630
 1826.650214 1823.536495 1823.674136
 1655.900707 1654.657103 1654.632292
 1678.440399 1677.896216 1677.911840
 1787.089517 1785.898162 1786.130355
 1773.108047 1772.508833 1772.582451
 1680.062704 1678.849723 1679.123091
 1673.806000 1672.914027 1673.156408
 1757.902842 1757.416804 1757.583950
 1786.534552 1785.415847 1785.908983
 1673.895274 1672.041483 1672.746535
 1721.318452 1721.296750 1721.472093
 1756.950382 1756.633641 1756.702769
 1761.319600 1761.072416 1761.075996
 1693.683686 1693.613996 1693.805952
 1720.747135 1720.919221 1720.921610
 1752.386458 1752.233483 1752.249737
 1749.465754 1749.431800 1749.827104
 1704.954369 1704.471533 1705.211989
 1717.507054 1717.675226 1717.796931
 1721.927160 1721.968976 1722.000111
 1729.318431 1729.086785 1729.495402
 1737.100356 1736.707510 1737.379370
 1725.850568 1725.977469 1725.978911
 1691.670004 1691.430622 1691.465291
 1746.673564 1746.689504 1747.177371
 1759.562886 1759.146450 1759.455345
 1744.488503 1744.426970 1744.427319
 1665.644136 1664.245178 1664.382270
 1709.057486 1708.157919 1708.993835
 1790.804381 1789.371004 1789.748121
 1706.133024 1706.190575 1706.350413
 1643.702967 1641.205148 1641.317226
 1730.721884 1730.761338 1731.616182
 1774.911956 1774.134525 1774.424057
 1710.454275 1710.467851 1710.833804
 1658.512838 1656.537183 1656.966655
 1716.479447 1716.676072 1716.771396
 1804.646410 1802.899936 1803.104746
 1703.055756 1702.794242 1703.365298
 1643.041635 1640.731021 1640.887317
 1758.991372 1758.767736 1759.036296
 1728.826309 1728.712259 1729.049325
 1706.413092 1705.824974 1706.999242
 1703.579180 1703.432147 1703.701043
 1706.209961 1706.481060 1706.541575
 1771.437914 1770.861863 1771.542824
 1684.964870 1684.320569 1684.828304
 1717.901983 1717.773072 1717.878402
 1754.807866 1754.560830 1754.938016
 1700.151355 1699.947614 1700.712433
 1715.645229 1716.089010 1716.349364
 1706.874594 1706.944612 1707.266339
 1713.977470 1712.883186 1713.975111
 1740.417866 1740.264884 1740.832574
 1713.577145 1713.774044 1713.808670
 1690.032410 1689.635309 1689.828842
 1711.300798 1710.791007 1711.631364
 1751.646922 1751.213675 1751.695710
 1714.492294 1714.488719 1714.650817
 1732.349698 1732.542056 1733.250128
 1681.588185 1680.921983 1681.233911
 1738.047220 1738.109122 1738.116830
 1757.958801 1756.509924 1757.808012
 1689.561975 1688.310725 1689.199579
 1719.449348 1719.565942 1720.125955
 1739.901626 1740.060042 1740.060684
 1712.160532 1711.729325 1712.256675
 1735.312222 1734.878055 1735.517455
 1698.779478 1698.485210 1698.524560
 1765.787311 1765.460530 1765.640621
 1713.589567 1713.767232 1713.886180
 1687.625931 1687.722117 1687.755118
 1756.685556 1756.046451 1756.612823
 1763.385797 1762.860627 1763.167025
 1706.800584 1706.265729 1706.729296
 1725.631376 1726.060388 1726.069823
 1765.484548 1765.018361 1765.067085
 1770.541272 1770.052266 1770.064727
 1685.130866 1684.681058 1684.737346
 1742.666239 1742.792342 1742.931108
 1795.149207 1793.717580 1793.801718
 1704.122923 1704.638183 1704.674824
 1683.585037 1683.237406 1683.240640
 1799.257589 1797.682911 1797.738672
 1746.816567 1746.119988 1746.783530
 1698.277035 1698.184280 1698.265649
 1692.447679 1691.997752 1692.073779
 1795.245046 1793.826092 1793.858341
 1759.010143 1758.765920 1759.220378
 1660.494260 1659.595917 1659.604731
 1719.658132 1719.558644 1719.606710
 1770.211873 1769.175923 1769.997319
 1682.457957 1681.580696 1681.824652
 1709.283981 1709.586234 1709.594783
 1730.094352 1730.102409 1730.345883
 1715.318105 1714.202872 1715.862663
 1692.318887 1690.645359 1692.232389
 1728.435643 1728.610726 1728.747414
 1733.529400 1733.334788 1733.739839
 1695.648265 1695.862273 1695.929629
 1669.733873 1669.039541 1669.032043
 1788.894455 1787.645468 1788.220810
 1759.530376 1757.699168 1760.183783
 1637.711230 1635.563923 1635.631042
 1707.210000 1707.654415 1707.693724
 1787.672237 1786.539977 1786.722364
 1724.084955 1723.063153 1724.040025
 1680.089958 1679.238690 1679.305312
 1703.252562 1702.939595 1703.123929
 1822.703239 1819.913691 1820.322827
 1712.227454 1712.845033 1712.864171
 1655.813415 1654.958776 1654.978349
 1755.772494 1755.330150 1755.639520
 1753.934057 1753.162147 1753.596238
 1695.505515 1695.193005 1695.292199
 1692.315707 1692.054870 1692.321144
 1738.959686 1738.946028 1739.204305
 1731.220951 1731.541525 1731.856563
 1723.058082 1722.267972 1723.574412
 1734.350907 1732.864890 1734.535201
 1714.944565 1715.153063 1715.241669
 1701.635459 1701.421844 1701.422712
 1746.658266 1746.931310 1747.013411
 1754.073951 1753.622022 1754.263537
 1651.500825 1649.906676 1649.921054
 1726.095437 1726.292636 1726.754831
 1800.089624 1798.029171 1799.132879
 1677.136890 1676.561910 1676.627385
 1683.479627 1683.255173 1683.282782
