total DFI time:0.000366seconds
 frequency resolution:41.7167
frequency grid number:20
w1    w3     rephasing   non-rephasing  total:20
w1    w3     I_r I_nr I_total
-333.6260614  -333.6260614  0.3404409875  0.3105963377  0.6510373252  
-333.6260614  -291.9094002  1.823273871  -0.2941455653  1.529128306  
-333.6260614  -250.1927389  1.391210559  -0.7819200603  0.6092904984  
-333.6260614  -208.4760776  3.160325597  -1.178488076  1.981837521  
-333.6260614  -166.7594163  5.068228506  -1.202296476  3.86593203  
-333.6260614  -125.0427551  3.677890479  -0.7134451481  2.964445331  
-333.6260614  -83.3260938  1.773903937  0.3164509443  2.090354881  
-333.6260614  -41.60943253  -0.7907591282  1.351925316  0.5611661875  
-333.6260614  0.10722874  1.088750995  1.982626062  3.071377057  
-333.6260614  41.82389001  0.756737261  2.33783692  3.094574181  
-333.6260614  83.54055128  -3.987533792  2.139784126  -1.847749666  
-333.6260614  125.2572126  -1.363035426  1.641721213  0.2786857868  
-333.6260614  166.9738738  0.7944490132  1.320173567  2.11462258  
-333.6260614  208.6905351  0.7995068815  1.21014289  2.009649771  
-333.6260614  250.4071964  0.1910583919  1.193036625  1.384095017  
-291.9094002  -333.6260614  0.09189490451  0.4030231667  0.4949180712  
-291.9094002  -291.9094002  2.135133306  -0.5233617623  1.611771544  
-291.9094002  -250.1927389  2.720663173  -1.291883105  1.428780068  
-291.9094002  -208.4760776  4.32366118  -1.779392148  2.544269032  
-291.9094002  -166.7594163  5.767342479  -2.037275059  3.73006742  
-291.9094002  -125.0427551  5.710881565  -1.444832773  4.266048792  
-291.9094002  -83.3260938  4.406722494  -0.1752598471  4.231462647  
-291.9094002  -41.60943253  0.1244405625  1.179073278  1.303513841  
-291.9094002  0.10722874  -0.194404079  1.958267317  1.763863238  
-291.9094002  41.82389001  -3.186274492  2.751429336  -0.4348451554  
-291.9094002  83.54055128  -1.613519709  2.763104784  1.149585075  
-291.9094002  125.2572126  -1.438793218  2.217680744  0.7788875253  
-291.9094002  166.9738738  -0.3727213585  1.770547502  1.397826143  
-291.9094002  208.6905351  -0.3107012079  1.55503752  1.244336312  
-291.9094002  250.4071964  -0.247792801  1.467366004  1.219573203  
-250.1927389  -333.6260614  -1.274642563  0.1551580162  -1.119484547  
-250.1927389  -291.9094002  1.827859368  -1.007192932  0.8206664358  
-250.1927389  -250.1927389  3.455875509  -1.575882631  1.879992878  
-250.1927389  -208.4760776  6.419052067  -2.134944116  4.284107951  
-250.1927389  -166.7594163  7.914482544  -2.81968102  5.094801525  
-250.1927389  -125.0427551  8.887323442  -2.056125619  6.831197823  
-250.1927389  -83.3260938  6.568648608  -0.4738983569  6.094750251  
-250.1927389  -41.60943253  1.900420341  1.258376702  3.158797042  
-250.1927389  0.10722874  0.08638624936  2.177280451  2.2636667  
-250.1927389  41.82389001  -2.818636226  3.42703946  0.6084032339  
-250.1927389  83.54055128  -4.000161083  3.616535563  -0.3836255205  
-250.1927389  125.2572126  -2.202277511  2.979455078  0.7771775667  
-250.1927389  166.9738738  -1.490948585  2.3729892  0.8820406157  
-250.1927389  208.6905351  -1.648150089  2.044683928  0.3965338387  
-250.1927389  250.4071964  -1.206361926  1.902607562  0.6962456366  
-208.4760776  -333.6260614  -1.067934937  0.02468859426  -1.043246343  
-208.4760776  -291.9094002  1.477169476  -1.339650824  0.1375186518  
-208.4760776  -250.1927389  3.323760253  -1.817894763  1.50586549  
-208.4760776  -208.4760776  8.021515132  -4.459824884  3.561690248  
-208.4760776  -166.7594163  11.41720046  -4.205633923  7.21156654  
-208.4760776  -125.0427551  11.91585771  -2.854642322  9.061215393  
-208.4760776  -83.3260938  8.236794244  -0.7601531777  7.476641066  
-208.4760776  -41.60943253  4.118560143  1.467538019  5.586098162  
-208.4760776  0.10722874  3.095210543  2.510932418  5.606142961  
-208.4760776  41.82389001  -2.832060349  4.255312472  1.423252124  
-208.4760776  83.54055128  -6.607300696  4.581403606  -2.02589709  
-208.4760776  125.2572126  -1.197321494  3.785685549  2.588364055  
-208.4760776  166.9738738  -2.772349349  2.963211581  0.1908622325  
-208.4760776  208.6905351  -1.626819138  2.479099956  0.852280818  
-208.4760776  250.4071964  -1.782098627  2.226801588  0.4447029607  
-166.7594163  -333.6260614  -5.198432486  -0.6918276246  -5.890260111  
-166.7594163  -291.9094002  -3.845482526  -2.332235582  -6.177718109  
-166.7594163  -250.1927389  2.420437002  -2.894567019  -0.4741300174  
-166.7594163  -208.4760776  8.622594548  -4.847835705  3.774758842  
-166.7594163  -166.7594163  15.60906649  -4.162862231  11.44620426  
-166.7594163  -125.0427551  22.67328524  -2.648994484  20.02429076  
-166.7594163  -83.3260938  17.8935521  -0.1394916784  17.75406042  
-166.7594163  -41.60943253  13.66634149  2.54444114  16.21078263  
-166.7594163  0.10722874  4.112398525  3.527335549  7.639734074  
-166.7594163  41.82389001  -4.14854982  5.751032316  1.602482496  
-166.7594163  83.54055128  -6.111447121  6.103716228  -0.00773089353  
-166.7594163  125.2572126  -5.865219368  5.023542056  -0.8416773122  
-166.7594163  166.9738738  -2.529921692  3.89605324  1.366131548  
-166.7594163  208.6905351  -2.318401191  3.207665134  0.8892639433  
-166.7594163  250.4071964  -1.629055589  2.823971516  1.194915927  
-125.0427551  -333.6260614  -10.2504602  -1.457562918  -11.70802312  
-125.0427551  -291.9094002  -10.55642346  -3.135516295  -13.69193975  
-125.0427551  -250.1927389  -3.995433031  -3.269761331  -7.265194362  
-125.0427551  -208.4760776  3.101888509  -5.05239785  -1.950509341  
-125.0427551  -166.7594163  12.33851022  -4.576143426  7.762366792  
-125.0427551  -125.0427551  22.138425  2.246720723  24.38514573  
-125.0427551  -83.3260938  29.38773198  1.204173941  30.59190592  
-125.0427551  -41.60943253  26.06897295  4.268057627  30.33703058  
-125.0427551  0.10722874  16.7425712  4.851525742  21.59409694  
-125.0427551  41.82389001  5.088858326  7.602223473  12.6910818  
-125.0427551  83.54055128  -6.532190397  7.850966562  1.318776165  
-125.0427551  125.2572126  -6.529438648  6.328864246  -0.2005744012  
-125.0427551  166.9738738  -4.232730446  4.789512557  0.5567821108  
-125.0427551  208.6905351  -3.538204969  3.833905762  0.2957007927  
-125.0427551  250.4071964  -2.488923963  3.268376713  0.7794527506  
-83.3260938  -333.6260614  -8.810088213  -1.64551376  -10.45560197  
-83.3260938  -291.9094002  -14.11661097  -4.229809778  -18.34642074  
-83.3260938  -250.1927389  -11.7669547  -2.985044676  -14.75199937  
-83.3260938  -208.4760776  -7.964799866  -4.82699763  -12.7917975  
-83.3260938  -166.7594163  5.482932544  -4.049099807  1.433832737  
-83.3260938  -125.0427551  15.43453233  -1.402283235  14.03224909  
-83.3260938  -83.3260938  24.31138466  6.962225492  31.27361015  
-83.3260938  -41.60943253  33.52505259  7.15554017  40.68059276  
-83.3260938  0.10722874  26.94837735  6.305793062  33.25417041  
-83.3260938  41.82389001  15.57967199  9.820243066  25.39991506  
-83.3260938  83.54055128  -0.6569357886  9.802549153  9.145613364  
-83.3260938  125.2572126  -2.531954078  7.646340809  5.114386731  
-83.3260938  166.9738738  -2.031451197  5.596130195  3.564678998  
-83.3260938  208.6905351  -1.360329812  4.345615309  2.985285498  
-83.3260938  250.4071964  -1.874128775  3.598490229  1.724361454  
-41.60943253  -333.6260614  -5.231562004  -2.072242285  -7.303804289  
-41.60943253  -291.9094002  -14.2128028  -2.86791518  -17.08071798  
-41.60943253  -250.1927389  -20.38493136  0.04765431626  -20.33727705  
-41.60943253  -208.4760776  -17.79346771  -3.480450019  -21.27391773  
-41.60943253  -166.7594163  -7.115448461  -2.430132227  -9.545580688  
-41.60943253  -125.0427551  5.422938331  1.231818519  6.65475685  
-41.60943253  -83.3260938  16.60986751  5.529068017  22.13893552  
-41.60943253  -41.60943253  36.07356222  10.0570187  46.13058092  
-41.60943253  0.10722874  44.05648323  4.87125245  48.92773568  
-41.60943253  41.82389001  32.77235747  11.31437631  44.08673378  
-41.60943253  83.54055128  11.47986072  11.08519086  22.56505158  
-41.60943253  125.2572126  -0.4802696224  8.171486858  7.691217235  
-41.60943253  166.9738738  -2.606515231  5.603218942  2.99670371  
-41.60943253  208.6905351  -1.687249787  4.125340854  2.438091067  
-41.60943253  250.4071964  -0.6658103672  3.276659387  2.61084902  
0.10722874  -333.6260614  -1.25962858  -1.020785084  -2.280413663  
0.10722874  -291.9094002  -6.104428003  -0.8476890458  -6.952117048  
0.10722874  -250.1927389  -16.9116788  -5.057996957  -21.96967575  
0.10722874  -208.4760776  -24.89703134  -7.330879216  -32.22791055  
0.10722874  -166.7594163  -19.49611034  -4.405387324  -23.90149766  
0.10722874  -125.0427551  -9.54077311  0.2031392565  -9.337633854  
0.10722874  -83.3260938  2.120567722  3.918411103  6.038978824  
0.10722874  -41.60943253  12.57003655  4.179615956  16.74965251  
0.10722874  0.10722874  37.56695485  18.76124848  56.32820333  
0.10722874  41.82389001  43.34059409  19.03057695  62.37117104  
0.10722874  83.54055128  28.28967635  15.18111527  43.47079162  
0.10722874  125.2572126  8.334040709  10.0645561  18.39859681  
0.10722874  166.9738738  4.321389426  6.41574804  10.73713747  
0.10722874  208.6905351  3.647474863  4.505114083  8.152588946  
0.10722874  250.4071964  2.296113041  3.476599728  5.772712769  
41.82389001  -333.6260614  3.015613496  -2.379150232  0.6364632639  
41.82389001  -291.9094002  0.2494201931  -2.807238301  -2.557818108  
41.82389001  -250.1927389  -3.797408176  -5.057297545  -8.854705722  
41.82389001  -208.4760776  -13.03398377  -3.317704021  -16.35168779  
41.82389001  -166.7594163  -20.06012095  -2.371671979  -22.43179293  
41.82389001  -125.0427551  -16.6053292  4.426819522  -12.17850968  
41.82389001  -83.3260938  -10.89754981  8.998193648  -1.899356165  
41.82389001  -41.60943253  -5.072993279  11.60432587  6.531332596  
41.82389001  0.10722874  6.651895171  18.18267287  24.83456804  
41.82389001  41.82389001  23.90200329  24.2703256  48.17232889  
41.82389001  83.54055128  27.10498468  13.19585205  40.30083673  
41.82389001  125.2572126  18.1253899  6.675597989  24.80098789  
41.82389001  166.9738738  8.019801333  3.001010152  11.02081149  
41.82389001  208.6905351  6.016335542  1.501847184  7.518182726  
41.82389001  250.4071964  4.950507781  0.8903228024  5.840830583  
83.54055128  -333.6260614  3.565637027  -2.613549815  0.9520872123  
83.54055128  -291.9094002  2.740783175  -2.76627548  -0.02549230472  
83.54055128  -250.1927389  -0.07504913944  -3.660753691  -3.73580283  
83.54055128  -208.4760776  -5.854939052  -1.413537511  -7.268476563  
83.54055128  -166.7594163  -12.67518809  5.599463708  -7.075724383  
83.54055128  -125.0427551  -12.69353617  8.748060852  -3.945475315  
83.54055128  -83.3260938  -9.30980311  11.87208394  2.562280835  
83.54055128  -41.60943253  -8.750381699  13.46080791  4.710426209  
83.54055128  0.10722874  -4.555452097  16.69672005  12.14126795  
83.54055128  41.82389001  8.120654083  12.69868723  20.81934131  
83.54055128  83.54055128  17.66156891  0.192780871  17.85434978  
83.54055128  125.2572126  14.16735462  0.9404294252  15.10778405  
83.54055128  166.9738738  8.943602625  -1.292353854  7.651248771  
83.54055128  208.6905351  6.02596766  -1.642229237  4.383738423  
83.54055128  250.4071964  4.885706273  -1.479182837  3.406523436  
125.2572126  -333.6260614  2.889584628  -1.957831235  0.9317533938  
125.2572126  -291.9094002  0.280556345  -1.794447954  -1.513891609  
125.2572126  -250.1927389  0.7359246247  -1.837249193  -1.101324568  
125.2572126  -208.4760776  -4.664369143  0.6640174723  -4.000351671  
125.2572126  -166.7594163  -6.804394002  5.36522412  -1.439169882  
125.2572126  -125.0427551  -8.216844032  9.185387578  0.9685435457  
125.2572126  -83.3260938  -9.459514298  9.517327424  0.05781312554  
125.2572126  -41.60943253  -3.166785387  10.20028345  7.033498058  
125.2572126  0.10722874  -3.248842054  11.34019132  8.091349268  
125.2572126  41.82389001  6.371990347  6.884880983  13.25687133  
125.2572126  83.54055128  7.544135364  1.258963849  8.803099213  
125.2572126  125.2572126  8.283274734  -2.498639827  5.784634907  
125.2572126  166.9738738  6.808164127  -3.051582775  3.756581352  
125.2572126  208.6905351  4.57957968  -2.641458163  1.938121517  
125.2572126  250.4071964  3.933678672  -2.066420201  1.867258471  
166.9738738  -333.6260614  0.5092885779  -1.235857633  -0.7265690552  
166.9738738  -291.9094002  1.144456953  -1.036625605  0.1078313479  
166.9738738  -250.1927389  0.8887106333  -0.8678693589  0.02084127434  
166.9738738  -208.4760776  -0.8227364102  1.212315465  0.3895790543  
166.9738738  -166.7594163  -4.369485533  4.614431452  0.2449459188  
166.9738738  -125.0427551  -4.482779907  6.559106354  2.076326447  
166.9738738  -83.3260938  -2.039541542  7.195718094  5.156176552  
166.9738738  -41.60943253  -1.863284126  7.655147138  5.791863012  
166.9738738  0.10722874  -2.545490116  7.823332969  5.277842852  
166.9738738  41.82389001  -0.1491542636  3.832979718  3.683825455  
166.9738738  83.54055128  5.797356363  -0.4902238285  5.307132535  
166.9738738  125.2572126  4.857314961  -2.947046579  1.910268382  
166.9738738  166.9738738  4.747881168  -2.124827846  2.623053321  
166.9738738  208.6905351  3.543921459  -2.064717296  1.479204163  
166.9738738  250.4071964  2.577529447  -1.443110902  1.134418545  
208.6905351  -333.6260614  0.9532850897  -0.7317657419  0.2215193477  
208.6905351  -291.9094002  1.770853836  -0.5770617401  1.193792096  
208.6905351  -250.1927389  2.137902414  -0.3827788669  1.755123547  
208.6905351  -208.4760776  -1.315486954  1.254586019  -0.0609009347  
208.6905351  -166.7594163  -2.292177275  3.801266216  1.509088941  
208.6905351  -125.0427551  -4.962042829  5.148400996  0.1863581665  
208.6905351  -83.3260938  -1.992197636  5.848753073  3.856555437  
208.6905351  -41.60943253  -2.311634681  5.953268456  3.641633775  
208.6905351  0.10722874  -2.561164545  5.446497333  2.885332788  
208.6905351  41.82389001  1.871666526  2.31205441  4.183720936  
208.6905351  83.54055128  4.229550308  -0.8583803827  3.371169926  
208.6905351  125.2572126  3.993270077  -2.355477018  1.63779306  
208.6905351  166.9738738  3.64149218  -1.959248711  1.682243469  
208.6905351  208.6905351  2.644176589  -1.368901674  1.275274915  
208.6905351  250.4071964  2.474784709  -0.6980233615  1.776761348  
250.4071964  -333.6260614  1.636696864  -0.3800482078  1.256648656  
250.4071964  -291.9094002  1.004702765  -0.3002204552  0.7044823099  
250.4071964  -250.1927389  -0.218704331  -0.1512025078  -0.3699068388  
250.4071964  -208.4760776  -0.6488593752  1.087966531  0.4391071563  
250.4071964  -166.7594163  -1.242915258  3.010830584  1.767915327  
250.4071964  -125.0427551  -3.698953941  3.989571276  0.2906173347  
250.4071964  -83.3260938  -2.041001304  4.566065954  2.525064649  
250.4071964  -41.60943253  -1.286726071  4.509320547  3.222594477  
250.4071964  0.10722874  -0.220117814  4.862341313  4.642223499  
250.4071964  41.82389001  1.514236336  1.789801205  3.304037542  
250.4071964  83.54055128  3.404859574  -0.5161525708  2.888707003  
250.4071964  125.2572126  3.422282564  -1.503852934  1.918429631  
250.4071964  166.9738738  2.673330101  -1.105679329  1.567650772  
250.4071964  208.6905351  1.609913737  -0.6704244824  0.9394892541  
250.4071964  250.4071964  1.713495289  -1.431992527  0.281502762  
