t1  t3  r1_re  r1_im nr1_re  nr1_im r2_re  r2_im nr2_re  nr2_im
0  0 6  0 6  0 -3  0 -3  0
0  0.04 4.54376  0.0365884 4.54376  0.0365884 0.514724  2.21288 0.514724  2.21288
0  0.08 2.46946  0.00452321 2.46946  0.00452321 1.10009  -0.560682 1.10009  -0.560682
0  0.12 0.962339  0.220467 0.962339  0.220467 -0.229948  -0.436806 -0.229948  -0.436806
0  0.16 0.245753  0.337306 0.245753  0.337306 -0.208666  0.00108966 -0.208666  0.00108966
0  0.2 -0.00327947  0.334013 -0.00327947  0.334013 -0.0646773  0.153983 -0.0646773  0.153983
0  0.24 -0.0501913  0.260881 -0.0501913  0.260881 0.125171  0.0444621 0.125171  0.0444621
0  0.28 -0.0570533  0.170881 -0.0570533  0.170881 0.0211393  -0.0875615 0.0211393  -0.0875615
0  0.32 -0.0808129  0.103842 -0.0808129  0.103842 -0.0620383  -0.0219022 -0.0620383  -0.0219022
0  0.36 -0.0612679  0.0614127 -0.0612679  0.0614127 -0.0097059  0.0422742 -0.0097059  0.0422742
0  0.4 -0.0323003  0.0278273 -0.0323003  0.0278273 0.0212727  0.00137452 0.0212727  0.00137452
0  0.44 0.0160208  -0.0151053 0.0160208  -0.0151053 0.00236948  0.0107515 0.00236948  0.0107515
0  0.48 0.0351519  0.00666846 0.0351519  0.00666846 0.0157848  0.00841859 0.0157848  0.00841859
0  0.52 0.0485405  -0.01369 0.0485405  -0.01369 -0.00523211  -0.0246683 -0.00523211  -0.0246683
0  0.56 0.0772837  -0.0177972 0.0772837  -0.0177972 -0.0365686  0.0153335 -0.0365686  0.0153335
0  0.6 0.0503453  -0.0115883 0.0503453  -0.0115883 0.0152917  0.0208182 0.0152917  0.0208182
0  0.64 0.045067  0.00741585 0.045067  0.00741585 0.0202475  -0.0105615 0.0202475  -0.0105615
0  0.68 0.0272604  0.0366902 0.0272604  0.0366902 0.00117235  -0.0228243 0.00117235  -0.0228243
0  0.72 0.0273997  0.0485077 0.0273997  0.0485077 -0.0278047  0.00168285 -0.0278047  0.00168285
0  0.76 0.0374261  0.0639257 0.0374261  0.0639257 0.0113879  0.0352437 0.0113879  0.0352437
0.04  0 4.67545  -0.0376488 4.67545  0.0376488 -2.33773  0.0188244 -2.33773  -0.0188244
0.04  0.04 4.71057  -0.166392 2.54103  0.0046543 0.632937  2.27017 0.295536  1.23567
0.04  0.08 3.23254  -0.214769 0.990231  0.226857 1.38974  -0.832159 0.492405  -0.12467
0.04  0.12 1.65755  0.00324557 0.252876  0.347082 -0.538854  -0.629691 0.049237  -0.208995
0.04  0.16 0.626848  0.261557 -0.00337452  0.343694 -0.289338  0.177823 -0.138433  -0.101836
0.04  0.2 0.108638  0.338934 -0.051646  0.268442 -0.0138049  0.177424 -0.0746655  0.114487
0.04  0.24 -0.0688081  0.284663 -0.0587069  0.175834 0.135523  0.0554558 0.082491  0.0422645
0.04  0.28 -0.0789324  0.150545 -0.0831552  0.106851 0.0329058  -0.078363 0.0368719  -0.0567756
0.04  0.32 -0.0524514  0.0758901 -0.0630436  0.0631926 -0.0442936  -0.0128721 -0.0399468  -0.0199049
0.04  0.36 -0.0631955  0.0484442 -0.0332364  0.0286338 -0.0139595  0.0372862 -0.00650561  0.0209479
0.04  0.4 -0.0521286  0.00510822 0.0164852  -0.0155431 0.020397  0.0164265 -0.0113264  -0.000222867
0.04  0.44 -0.0272633  0.0133134 0.0361707  0.00686174 0.00128503  -0.0151156 -0.0122283  0.0137593
0.04  0.48 0.000848829  0.0616074 0.0499474  -0.0140868 -0.00877103  0.0295316 0.0259381  0.000715841
0.04  0.52 0.042215  0.0807 0.0795237  -0.0183131 0.0416522  -0.0184049 -0.00651859  -0.0402785
0.04  0.56 0.0505694  0.0602811 0.0518045  -0.0119242 -0.0300373  -0.0254073 -0.024513  0.0102756
0.04  0.6 0.0442706  0.0283944 0.0463732  0.00763078 -0.00426746  0.0259484 0.00568152  0.0228012
0.04  0.64 0.00142631  0.0264032 0.0280505  0.0377536 0.00849537  0.0101301 0.0225489  0.00667761
0.04  0.68 -0.00176164  0.0352094 0.0281939  0.0499136 0.0118895  -0.0130131 0.0050227  -0.0282195
0.04  0.72 0.016991  0.0270063 0.0385109  0.0657785 -0.0158606  0.00171729 -0.0380015  0.00289125
0.04  0.76 0.00868773  0.0183803 0.0358892  0.057466 0.00226202  0.00991015 0.0113333  0.0319241
0.08  0 2.61468  -0.0047892 2.61468  0.0047892 -1.30734  0.0023946 -1.30734  -0.0023946
0.08  0.04 3.31924  0.0919059 1.01893  0.233433 0.344328  1.62416 0.00594951  0.52263
0.08  0.08 2.74854  0.0263667 0.260205  0.357142 1.22927  -0.614552 0.197186  0.099659
0.08  0.12 1.76138  0.0537237 -0.00347233  0.353656 -0.553541  -0.685516 0.135257  -0.113916
0.08  0.16 0.892833  0.178586 -0.0531429  0.276223 -0.333433  0.309973 -0.0965151  -0.102302
0.08  0.2 0.287336  0.22836 -0.0604085  0.180931 0.0898166  0.160033 -0.0621735  0.0723237
0.08  0.24 0.0344895  0.145673 -0.0855653  0.109948 0.0746033  -0.00607391 0.0479008  0.050577
0.08  0.28 -0.0481575  0.100645 -0.0648708  0.0650242 0.0197013  -0.0521919 0.0295458  -0.0351587
0.08  0.32 -0.0655841  0.0398803 -0.0341997  0.0294637 -0.0292914  -0.024798 -0.0193856  -0.01156
0.08  0.36 -0.0364612  0.0125164 0.016963  -0.0159936 -0.0121436  0.0149684 0.0029547  -0.0112763
0.08  0.4 -0.0289526  -0.00839003 0.0372191  0.00706062 0.00739809  0.0131313 -0.0108144  -0.0155508
0.08  0.44 -0.0402847  -0.0167411 0.051395  -0.0144951 0.0175234  -0.0129888 -0.00697193  0.0257737
0.08  0.48 -0.00240667  -0.00474367 0.0818286  -0.0188438 -0.000442153  -0.00262262 0.0418635  0.00319389
0.08  0.52 0.00114784  0.0250542 0.053306  -0.0122698 0.0125377  0.000252153 -0.00436667  -0.0269991
0.08  0.56 -0.0125247  0.0449592 0.0477172  0.00785195 0.00235267  -0.0232167 -0.0241788  0.000184026
0.08  0.6 -0.0146463  0.0328379 0.0288635  0.0388478 -0.0179767  -0.00022013 -0.0121182  0.0209455
0.08  0.64 -0.00303144  -0.00443222 0.029011  0.0513603 -0.00254258  -0.000862477 0.027017  0.0118304
0.08  0.68 0.00317272  -0.00993022 0.0396271  0.067685 -0.00438485  0.00281815 0.00627322  -0.038711
0.08  0.72 0.00258716  0.00860275 0.0369294  0.0591315 -0.00443316  -0.000722669 -0.0346677  0.00363725
0.08  0.76 -0.0238518  0.0397517 0.030599  0.0306262 -0.0159278  0.01684 0.0116414  0.0182495
0.12  0 1.04846  -0.240198 1.04846  0.240198 -0.524232  0.120099 -0.524232  -0.120099
0.12  0.04 1.74606  -0.0756567 0.267747  0.367493 0.241406  0.839845 -0.147249  0.173213
0.12  0.08 1.83301  -0.0770914 -0.00357297  0.363906 0.798233  -0.451982 0.08133  0.162774
0.12  0.12 1.44394  0.00171415 -0.0546831  0.284229 -0.469834  -0.548179 0.125612  -0.0718722
0.12  0.16 0.883594  0.0665325 -0.0621593  0.186175 -0.285278  0.338981 -0.0573514  -0.0796367
0.12  0.2 0.38156  0.0922914 -0.0880453  0.113135 0.159159  0.114869 -0.0621461  0.0357176
0.12  0.24 0.0925159  0.0880628 -0.066751  0.0669088 0.0504983  -0.0390959 0.0280439  0.038035
0.12  0.28 -0.00875307  0.0177226 -0.035191  0.0303177 0.0036052  -0.00920215 0.0162392  -0.0166036
0.12  0.32 0.00909507  -0.00886253 0.0174546  -0.0164572 0.00564248  0.0029118 0.0105672  0.00567531
0.12  0.36 0.024185  -0.0106795 0.0382978  0.00726526 0.00742506  -0.0109366 0.018164  -0.00706728
0.12  0.4 0.00342559  -0.0217138 0.0528847  -0.0149152 -0.0088248  0.00655204 -0.0241003  -0.0131904
0.12  0.44 -0.0168395  -0.045717 0.0842002  -0.01939 0.023939  0.00450855 -0.0132917  0.0411065
0.12  0.48 -0.0603414  -0.055902 0.054851  -0.0126254 -0.0204746  -0.0356696 0.0280609  0.00214371
0.12  0.52 -0.0626166  -0.0202581 0.0491002  0.00807953 -0.0121685  0.0305734 0.00564747  -0.0242309
0.12  0.56 -0.0220357  0.0116221 0.0297001  0.0399738 0.00987056  -0.00759823 -0.0180294  -0.0171738
0.12  0.6 -0.00766317  -0.0135115 0.0298519  0.0528489 0.00468533  -0.00619428 -0.0183503  0.0241723
0.12  0.64 -0.0158312  -0.00748303 0.0407756  0.0696468 -0.00857671  0.00175944 0.0372103  0.0156117
0.12  0.68 -0.0524013  0.000927403 0.0379997  0.0608454 0.0204971  0.0163266 0.00472292  -0.035556
0.12  0.72 -0.0299425  0.0122816 0.0314859  0.0315139 0.00104266  -0.0161481 -0.0210631  0.00724354
0.12  0.76 -4.87995e-05  0.0315097 0.0295707  -0.000960883 -0.00341791  0.0153796 0.0145417  0.00271606
0.16  0 0.275507  -0.378145 0.275507  0.378145 -0.137754  0.189072 -0.137754  -0.189072
0.16  0.04 0.713664  -0.208492 -0.00367653  0.374453 0.18498  0.322457 -0.182442  0.0420972
0.16  0.08 0.935095  -0.124093 -0.056268  0.292467 0.387898  -0.268301 0.0415993  0.142987
0.16  0.12 0.904289  -0.0895032 -0.0639609  0.191571 -0.328591  -0.313792 0.0934943  -0.0381625
0.16  0.16 0.605328  -0.0320052 -0.0905971  0.116414 -0.163964  0.254906 -0.0207403  -0.0707804
0.16  0.2 0.310611  0.0160382 -0.0686857  0.068848 0.140738  0.0661576 -0.0448108  0.0188794
0.16  0.24 0.0895802  0.0331344 -0.0362109  0.0311964 0.0231264  -0.0417827 0.0126923  0.0202489
0.16  0.28 0.00759917  0.00352952 0.0179605  -0.0169342 -0.00393619  -0.00143443 -0.00822577  0.00920181
0.16  0.32 0.0210321  -0.0349425 0.0394078  0.00747583 0.019901  0.00444768 0.00268865  0.0198743
0.16  0.36 0.0281814  -0.0389063 0.0544174  -0.0153475 0.00164025  -0.0239642 0.0190072  -0.0209267
0.16  0.4 0.0239273  -0.0933572 0.0866406  -0.019952 -0.0412255  0.0249494 -0.0379138  -0.0232102
0.16  0.44 -0.0199921  -0.0966845 0.0564408  -0.0129914 0.0466179  0.0162377 -0.00891225  0.0275528
0.16  0.48 -0.0491526  -0.0382029 0.0505233  0.0083137 -0.0177703  -0.0255553 0.0228765  0.0114934
0.16  0.52 -0.0195041  0.0152214 0.0305609  0.0411324 0.00695209  0.010232 0.0215277  -0.0138931
0.16  0.56 -0.0185416  0.0560003 0.0307171  0.0543806 0.0043796  -0.0291681 -0.0197542  -0.0241861
0.16  0.6 -0.000498537  0.0576442 0.0419574  0.0716654 -0.0265631  0.0111883 -0.0245912  0.0334568
0.16  0.64 -0.00246501  0.0357772 0.0391011  0.0626089 0.00975296  0.0150466 0.0344282  0.0133
0.16  0.68 0.0155351  -0.00463494 0.0323985  0.0324273 -0.00746485  -0.00315937 -0.00216576  -0.0228168
0.16  0.72 0.02515  -0.0155655 0.0304278  -0.000988733 0.00148348  0.014714 -0.00622416  0.0138912
0.16  0.76 0.0190804  -0.0128673 0.00413586  -0.00773528 0.0107022  -0.00422734 0.00285258  -0.00333133
0.2  0 -0.00378309  -0.385306 -0.00378309  0.385306 0.00189154  0.192653 0.00189154  -0.192653
0.2  0.04 0.177097  -0.331475 -0.0578989  0.300943 0.181876  0.0472341 -0.153065  0.00712629
0.2  0.08 0.328972  -0.221176 -0.0658147  0.197123 0.096015  -0.173397 0.0156252  0.102728
0.2  0.12 0.418353  -0.154894 -0.093223  0.119788 -0.195057  -0.108192 0.0758052  -0.00367575
0.2  0.16 0.443897  -0.106276 -0.0706765  0.0708435 -0.0866475  0.211132 -0.00807774  -0.0493785
0.2  0.2 0.344947  -0.0515513 -0.0372604  0.0321006 0.169412  0.0413655 -0.0233165  0.00781259
0.2  0.24 0.179303  -0.00210171 0.0184811  -0.017425 0.0124685  -0.0887862 -0.0072208  -0.0104477
0.2  0.28 0.0446615  -0.00317631 0.04055  0.00769251 -0.0221141  0.003486 -0.0205291  -0.00210387
0.2  0.32 -0.0169754  -0.0387867 0.0559946  -0.0157923 0.0157114  -0.0141879 0.0163491  0.0240605
0.2  0.36 -0.0276906  -0.070182 0.0891518  -0.0205303 -0.0303376  -0.022421 0.0323618  -0.0323279
0.2  0.4 -0.0366114  -0.0668584 0.0580766  -0.0133679 -0.0103375  0.0366844 -0.025412  -0.0155604
0.2  0.44 -0.0193087  -0.00361184 0.0519877  0.00855466 0.0065058  -0.00735814 -0.0170145  0.0201117
0.2  0.48 -0.000263501  0.0112688 0.0314467  0.0423245 -0.00180421  0.00533933 0.00870541  0.0248853
0.2  0.52 -0.00810853  0.0243931 0.0316074  0.0559567 0.0119031  0.00484853 0.0289582  -0.0139272
0.2  0.56 -0.0140856  0.00534808 0.0431735  0.0737425 0.0064862  -0.00383156 -0.0275364  -0.0326683
0.2  0.6 -0.00636465  -0.0245968 0.0402344  0.0644235 0.0100317  -0.00779371 -0.0216078  0.0312314
0.2  0.64 0.0129951  -0.0702875 0.0333375  0.0333671 -0.0159005  -0.0320074 0.0233464  0.00333662
0.2  0.68 -0.00153864  -0.0838259 0.0313097  -0.00101739 -0.0260963  0.0328066 -0.0123945  -0.0095765
0.2  0.72 -0.020237  -0.059344 0.00425574  -0.00795947 0.0311049  0.00391103 0.00264439  0.00365696
0.2  0.76 -0.0381177  -0.023271 -0.00793599  -0.00645997 -0.0161047  -0.0154682 -0.00317898  -0.00400897
0.24  0 -0.059577  -0.309666 -0.059577  0.309666 0.0297885  0.154833 0.0297885  -0.154833
0.24  0.04 -0.0198609  -0.249266 -0.0677223  0.202836 0.118833  -0.0388667 -0.10653  -0.00914631
0.24  0.08 0.0339551  -0.212771 -0.0959249  0.12326 -0.0333703  -0.102433 -0.0146061  0.0767158
0.24  0.12 0.140153  -0.181179 -0.0727249  0.0728968 -0.114379  0.00588066 0.0513425  0.00382904
0.24  0.16 0.206859  -0.115545 -0.0383404  0.033031 -0.0135973  0.117688 -0.00219148  -0.0252082
0.24  0.2 0.178907  -0.0776126 0.0190167  -0.01793 0.0974859  -0.00209415 0.0121926  -0.00470327
0.24  0.24 0.103812  -0.0597595 0.0417253  0.00791546 -0.0217181  -0.0558156 0.00705584  -0.0200282
0.24  0.28 0.020799  -0.0604379 0.0576176  -0.01625 -0.00778555  0.0309955 -0.0280113  0.0105513
0.24  0.32 -0.0189787  -0.0178764 0.0917357  -0.0211253 0.00547647  -0.01183 0.024533  0.0401692
0.24  0.36 -0.00709972  -0.0260907 0.0597599  -0.0137554 -0.0099237  -0.00918163 0.0216944  -0.0216672
0.24  0.4 0.0281843  -0.0210105 0.0534945  0.0088026 -0.0174168  -0.00236699 -0.0160145  -0.0218706
0.24  0.44 0.0228446  -0.00994107 0.0323581  0.0435512 -0.00159794  0.012354 -0.0269929  0.00270622
0.24  0.48 0.0136892  -0.00112491 0.0325235  0.0575786 0.0067014  0.00150203 0.00694734  0.0323265
0.24  0.52 -0.000344876  0.000827995 0.0444248  0.0758798 0.000401745  0.000199323 0.0393201  -0.0196661
0.24  0.56 0.00334567  -0.00408562 0.0414005  0.0662907 -0.0013015  0.00229729 -0.0260299  -0.0291472
0.24  0.6 0.00591851  -0.00593284 0.0343037  0.0343342 0.00389599  0.0015421 -0.00896849  0.0225491
0.24  0.64 -0.0265191  -0.0131235 0.0322171  -0.00104688 -0.0145436  0.00271191 0.0125689  -0.0100887
0.24  0.68 -0.0444929  -0.023688 0.00437908  -0.00819017 0.00961094  0.0232984 -0.00429591  0.00176323
0.24  0.72 -0.0402243  -0.0501905 -0.008166  -0.0066472 0.0313716  -0.00707751 0.00477697  -0.00221309
0.24  0.76 -0.035675  -0.0584804 -0.00340913  0.00533424 -0.0111194  -0.0323964 -0.00223912  0.00223728
0.28  0 -0.0696851  -0.208715 -0.0696851  0.208715 0.0348425  0.104358 0.0348425  -0.104358
0.28  0.04 -0.0628154  -0.257681 -0.0987051  0.126833 0.117889  -0.0607318 -0.0732175  -0.0331135
0.28  0.08 -0.0633135  -0.275866 -0.0748327  0.0750096 -0.0910376  -0.10835 -0.0162133  0.0504353
0.28  0.12 -0.0033022  -0.197339 -0.0394516  0.0339883 -0.0737656  0.0655519 0.0257448  0.00388766
0.28  0.16 0.00866278  -0.0912305 0.0195679  -0.0184497 0.0344753  0.0301822 0.0017641  0.0133308
0.28  0.2 0.0328939  -0.052801 0.0429346  0.00814488 0.0252097  -0.0182198 0.0183328  0.0118886
0.28  0.24 0.0568571  -0.0510936 0.0592875  -0.016721 -0.020972  -0.031953 -0.00379877  -0.030565
0.28  0.28 0.0620872  -0.045035 0.0943946  -0.0217376 -0.029011  0.0250819 -0.0460989  0.0148526
0.28  0.32 0.0680138  -0.0372106 0.0614919  -0.014154 0.0284095  0.0263728 0.0164418  0.0269271
0.28  0.36 0.056253  -0.0598345 0.0550449  0.00905773 0.00799768  -0.0402763 0.02574  -0.0107448
0.28  0.4 0.0404207  -0.0322624 0.0332959  0.0448135 -0.0257242  -0.00263423 0.00380319  -0.0276542
0.28  0.44 0.0376795  0.0214797 0.0334661  0.0592474 -0.018888  0.0106547 -0.0340124  -0.000847102
0.28  0.48 0.0166692  0.0455491 0.0457124  0.0780791 0.00117183  0.0242234 0.0101889  0.0440758
0.28  0.52 0.0144501  0.0208224 0.0426004  0.0682121 0.0108643  -0.00652384 0.0354345  -0.0190083
0.28  0.56 -0.0211639  0.0150431 0.035298  0.0353294 0.00915042  -0.00920982 -0.0203932  -0.0144098
0.28  0.6 -0.0608724  0.00379768 0.0331509  -0.00107722 -0.0138001  -0.0271942 0.00706051  0.0150062
0.28  0.64 -0.0719484  -0.00868195 0.004506  -0.00842755 -0.031377  0.0181238 -0.00072768  -0.00472254
0.28  0.68 -0.0561539  -0.0228881 -0.00840268  -0.00683986 0.0143612  0.0267028 0.00106167  0.00531226
0.28  0.72 -0.0324901  -0.022705 -0.00350793  0.00548885 0.0173243  -0.00962538 -0.00169795  -0.00277943
0.28  0.76 -0.0214733  -0.00410201 -0.016264  0.00776795 -0.0100427  -0.00431585 -0.00877779  0.00204089
0.32  0 -0.101566  -0.130509 -0.101566  0.130509 0.050783  0.0652543 0.050783  -0.0652543
0.32  0.04 -0.0801736  -0.209327 -0.0770016  0.0771836 0.0923516  -0.0635022 -0.046541  -0.0283827
0.32  0.08 -0.00210007  -0.212979 -0.0405951  0.0349734 -0.0494645  -0.0943103 -0.0100982  0.0248154
0.32  0.12 -0.0399344  -0.143046 0.020135  -0.0189844 -0.0412389  0.0617544 -0.0137606  -0.00145054
0.32  0.16 -0.0322265  -0.0887386 0.044179  0.00838095 0.0454171  0.0128671 -0.016314  0.0154713
0.32  0.2 0.0166195  -0.0488036 0.0610059  -0.0172057 0.016921  -0.0194469 0.031491  0.00357184
0.32  0.24 0.0289054  -0.0395727 0.0971304  -0.0223676 -0.017383  -0.0172688 -0.00373901  -0.0496959
0.32  0.28 0.0533728  -0.0567974 0.0632742  -0.0145643 -0.0241684  0.0305703 -0.0309011  0.00995259
0.32  0.32 0.0416071  -0.101654 0.0566403  0.00932026 0.0547982  0.00365249 0.00454009  0.0283397
0.32  0.36 0.00555388  -0.100305 0.034261  0.0461123 -0.0242231  -0.0440025 0.0267457  0.0104742
0.32  0.4 -0.00663226  -0.0420944 0.0344361  0.0609646 -0.0123696  0.0173487 0.00905064  -0.0338189
0.32  0.44 -0.0190099  -0.0195486 0.0470373  0.0803421 0.0132674  -0.00313939 -0.0465473  -0.000438228
0.32  0.48 -0.00900338  -0.0252479 0.0438351  0.0701891 -0.00053674  -0.0133918 0.0104681  0.0400303
0.32  0.52 -0.0109739  -0.0422428 0.036321  0.0363533 -0.0214368  0.00408434 0.019333  -0.0169243
0.32  0.56 -0.0139471  -0.0505901 0.0341117  -0.00110844 0.0111691  0.0237428 -0.0167138  0.0034435
0.32  0.6 0.00194579  -0.0217492 0.0046366  -0.00867181 0.0103704  -0.0034144 0.00489955  0.000411093
0.32  0.64 0.0220412  -0.00134167 -0.00864622  -0.0070381 0.00841122  -0.00715226 -0.00557  -0.000219231
0.32  0.68 0.0452599  0.00438888 -0.00360961  0.00564793 -0.0160513  -0.0161024 0.00318983  -0.00102813
0.32  0.72 0.0530633  0.0135619 -0.0167354  0.0079931 -0.0177241  0.020875 7.55311e-05  -0.00927282
0.32  0.76 0.0442822  0.0212479 -0.0350006  0.00498751 0.0193325  0.0151444 -0.0176266  -0.00133491
0.36  0 -0.0792334  -0.0794207 -0.0792334  0.0794207 0.0396167  0.0397103 0.0396167  -0.0397103
0.36  0.04 -0.0306617  -0.101093 -0.0417716  0.0359871 0.045545  -0.0267514 -0.0223877  -0.0160865
0.36  0.08 0.044026  -0.0892398 0.0207186  -0.0195347 -0.000740096  -0.049749 0.00476984  -0.0134151
0.36  0.12 0.0584808  -0.0233693 0.0454595  0.00862386 -0.0279178  -0.0145646 -0.0115415  -0.0200506
0.36  0.16 0.0259555  -0.00338238 0.0627741  -0.0177043 -0.00621514  0.0115175 -0.0111681  0.0306395
0.36  0.2 -0.0419815  -0.0310116 0.0999456  -0.0230159 -0.0135677  -0.0222926 0.0506135  0.00824568
0.36  0.24 -0.0423184  -0.022368 0.0651081  -0.0149864 -0.0142443  0.0192326 -0.00250288  -0.0333114
0.36  0.28 -0.0244801  -0.0384967 0.058282  0.00959039 0.0138363  0.0181348 -0.0294437  -0.00229356
0.36  0.32 -0.013224  -0.0772259 0.035254  0.0474488 0.034537  -0.0184898 -0.0169282  0.024228
0.36  0.36 -0.0247275  -0.087636 0.0354341  0.0627316 -0.033706  -0.030607 0.0316468  0.0172101
0.36  0.4 -0.018991  -0.08468 0.0484006  0.0826707 -0.0228669  0.0368775 0.0116649  -0.0464564
0.36  0.44 -0.0211261  -0.0531998 0.0451056  0.0722234 0.0282501  0.00458986 -0.0425678  0.00081674
0.36  0.48 0.00333566  -0.0490119 0.0373737  0.037407 0.00889224  -0.0228965 0.0122669  0.023421
0.36  0.52 0.0239993  -0.0191234 0.0351004  -0.00114057 -0.00875086  -0.0126032 0.000586524  -0.0175497
0.36  0.56 0.028939  0.0369679 0.00477099  -0.00892315 -0.0173991  -0.0157573 -0.00159292  0.00480196
0.36  0.6 0.0244667  0.0640795 -0.00889682  -0.00724209 -0.0245728  0.0239244 0.0015627  -0.0055189
0.36  0.64 0.0336597  0.0491866 -0.00371423  0.00581163 0.0282236  0.00956586 0.000259122  0.00343882
0.36  0.68 0.0430766  0.0311754 -0.0172205  0.00822476 -0.00668101  -0.025734 0.00925756  0.00231202
0.36  0.72 0.0285034  0.0418772 -0.036015  0.00513207 -0.0250668  0.00363198 0.0055866  -0.0173103
0.36  0.76 0.0151204  0.0390599 -0.0332586  -0.0132143 0.00317534  0.0207001 -0.0148155  -0.0100345
0.4  0 -0.0429823  -0.0370301 -0.0429823  0.0370301 0.0214912  0.0185151 0.0214912  -0.0185151
0.4  0.04 -0.0165948  -0.0671243 0.0213191  -0.0201009 0.0306824  -0.0159329 0.012269  0.00800687
0.4  0.08 0.0559158  0.00800123 0.0467771  0.00887381 0.0267091  -0.00918004 0.0228406  -0.00670932
0.4  0.12 0.0663395  0.0587516 0.0645935  -0.0182175 0.000666189  -0.0443027 -0.0279557  -0.0185615
0.4  0.16 0.0118278  0.0385209 0.102842  -0.023683 -0.0190834  -0.00646232 -0.0204555  0.0486409
0.4  0.2 -0.00570027  -0.0121476 0.0669951  -0.0154208 -0.000341433  -0.00670059 0.0339257  0.00553053
0.4  0.24 -0.00477694  0.0277818 0.0599712  0.00986836 0.0133725  0.00445409 0.00939566  -0.0288999
0.4  0.28 -0.0196151  0.0445458 0.0362758  0.0488241 0.00787316  -0.0230279 -0.0201529  -0.022777
0.4  0.32 -0.050801  0.0345986 0.0364612  0.0645497 -0.0244475  -0.0186218 -0.0248483  0.027506
0.4  0.36 -0.0541516  0.00290661 0.0498034  0.0850668 -0.022191  0.0155811 0.0436578  0.0228731
0.4  0.4 -0.0679401  -0.0259533 0.0464129  0.0743167 0.0151669  0.0330504 0.00944971  -0.0427783
0.4  0.44 -0.0228731  -0.038543 0.038457  0.0384912 0.0224094  7.82366e-05 -0.0263871  0.00662197
0.4  0.48 0.0308955  -0.0101441 0.0361177  -0.00117363 0.0162573  -0.000240034 0.0174138  0.00481942
0.4  0.52 0.0555075  0.0233751 0.00490927  -0.00918177 0.0134896  -0.026924 -0.0044193  -0.00275159
0.4  0.56 0.0505889  0.0546836 -0.00915468  -0.00745199 -0.0295714  -0.0226476 0.00514376  0.00289427
0.4  0.6 0.0536081  0.0526514 -0.00382188  0.00598007 -0.0135544  0.0350397 -0.00350241  -0.000570187
0.4  0.64 0.0384634  0.025749 -0.0177196  0.00846315 0.0231096  -0.00124831 -0.00454554  0.00870288
0.4  0.68 0.00386404  0.0216532 -0.0370589  0.00528081 0.00540451  -0.00957805 0.0159684  0.00976335
0.4  0.72 -0.0234792  0.0237307 -0.0342226  -0.0135973 -0.00551912  -0.0157526 0.0136109  -0.0124
0.4  0.76 -0.0140766  0.00543607 -0.0330848  -0.0337026 -0.0074586  0.00113794 -0.0125237  -0.0200193
0.44  0 0.021937  0.0206834 0.021937  -0.0206834 -0.0109685  -0.0103417 -0.0109685  0.0103417
0.44  0.04 0.0181751  0.0569317 0.0481328  0.009131 -0.0255428  0.0155066 0.00120264  0.0244661
0.44  0.08 0.034295  0.0773218 0.0664656  -0.0187455 0.0328821  0.0265984 0.0253099  -0.0234878
0.44  0.12 0.0445267  0.0518695 0.105823  -0.0243694 0.00516346  -0.0337877 -0.0437228  -0.0321935
0.44  0.16 0.015247  0.0071905 0.0689369  -0.0158677 -0.00737377  0.00408304 -0.0137146  0.0326026
0.44  0.2 0.0203255  -0.0269424 0.0617093  0.0101544 0.0145025  -0.0086273 0.026643  0.0163689
0.44  0.24 0.00804912  -0.039621 0.0373272  0.0502392 -0.018978  -0.00696338 0.0276448  -0.0146659
0.44  0.28 -0.0143127  -0.00250817 0.0375179  0.0664206 0.0072372  0.000639465 -0.0215218  -0.0314903
0.44  0.32 -0.0284264  0.0528996 0.0512469  0.0875323 -0.0295881  -0.00511397 -0.03341  0.038155
0.44  0.36 -0.03419  0.037366 0.0477581  0.0764707 -0.00459615  0.0249032 0.0405128  0.0197702
0.44  0.4 -0.0128703  0.0173471 0.0395716  0.0396068 0.0106675  -0.00168667 -0.000259926  -0.0279926
0.44  0.44 0.00877889  0.0166818 0.0371646  -0.00120764 -0.00941131  -0.000514794 -0.0090209  0.016257
0.44  0.48 0.0162482  -0.00906053 0.00505156  -0.00944789 0.00910478  -0.00190449 0.00381833  -0.00375707
0.44  0.52 0.0361741  -0.00414485 -0.00942002  -0.00766798 -0.000877013  -0.0181842 -0.00413579  0.00444734
0.44  0.56 0.0383545  0.0188899 -0.00393265  0.0061534 -0.020503  -0.00605 0.0014151  -0.00336601
0.44  0.6 0.0309066  0.0232264 -0.0182331  0.00870844 -0.00454177  0.0187895 -0.00760934  -0.00664599
0.44  0.64 0.01301  0.000771543 -0.038133  0.00543387 0.00543406  -0.00359646 -0.0136178  0.0136187
0.44  0.68 -0.000708269  -0.0196648 -0.0352145  -0.0139914 -0.00598805  0.00780672 0.00912122  0.016606
0.44  0.72 0.00597527  -0.0330644 -0.0340437  -0.0346794 0.0135499  0.00993169 0.0230462  -0.0076993
0.44  0.76 0.0155822  -0.0374276 -0.0276939  -0.0486428 0.0116397  -0.0165959 -0.00828224  -0.0267334
0.48  0 0.0495279  -0.00939565 0.0495279  0.00939565 -0.0247639  0.00469782 -0.0247639  -0.00469782
0.48  0.04 0.0208616  -0.00768157 0.068392  -0.0192888 0.00617868  0.00923998 0.017391  0.0309828
0.48  0.08 -0.00762356  -0.0411134 0.10889  -0.0250757 -0.0127611  -0.0165609 0.042749  -0.0359721
0.48  0.12 -0.0564828  0.0023776 0.0709349  -0.0163276 0.0193056  0.0206466 -0.0293052  -0.0215823
0.48  0.16 -0.0694807  -0.0162649 0.0634979  0.0104487 0.0269082  -0.0234303 -0.0228  0.0227036
0.48  0.2 -0.0698441  -0.036699 0.038409  0.0516953 -0.0253889  -0.0301937 0.00800303  0.0311908
0.48  0.24 -0.0656158  -0.0553728 0.0386053  0.0683457 -0.0323134  0.028262 0.036691  -0.0139336
0.48  0.28 -0.064253  -0.0357691 0.0527322  0.0900693 0.0335342  0.0150808 -0.0301092  -0.0426231
0.48  0.32 -0.0304146  -0.00912044 0.0491423  0.078687 -0.000485815  -0.0158689 -0.0295476  0.0357575
0.48  0.36 -0.00192965  -0.0135884 0.0407185  0.0407547 -0.00441877  -0.00525042 0.0280642  0.00649138
0.48  0.4 0.0104774  -0.00269139 0.0382417  -0.00124264 -0.00468243  -0.00270734 -0.0140864  -0.0129447
0.48  0.44 0.00773081  -0.0229014 0.00519797  -0.00972172 0.00784252  0.00919537 0.00283734  0.0047257
0.48  0.48 0.0382987  -0.0254104 -0.00969304  -0.00789022 0.0220647  -0.00642396 -0.00345127  -0.00520974
0.48  0.52 0.0592649  -0.0233992 -0.00404663  0.00633174 -0.00972311  -0.0303385 0.00302578  0.00222738
0.48  0.56 0.0551391  -0.0144567 -0.0187616  0.00896084 -0.0259409  0.0118066 0.00848336  -0.00600885
0.48  0.6 0.0325797  0.00493657 -0.0392382  0.00559136 0.00418645  0.015935 -0.0103386  -0.0169067
0.48  0.64 -0.00400865  0.029616 -0.0362351  -0.0143969 0.00728636  0.0130462 -0.0188112  0.00511901
0.48  0.68 -0.0029995  0.0134923 -0.0350304  -0.0356845 0.0054522  -0.00424656 0.00214335  0.0249105
0.48  0.72 0.00239753  0.00107326 -0.0284966  -0.0500526 -0.00100777  0.00084226 0.0287394  -0.00183719
0.48  0.76 0.000289598  0.00629273 0.000629957  -0.0323281 -0.000536426  0.00310368 0.00378982  -0.0157166
0.52  0 0.0703743  0.0198478 0.0703743  -0.0198478 -0.0351871  -0.00992392 -0.0351871  0.00992392
0.52  0.04 -0.00497454  -0.0080216 0.112046  -0.0258025 0.00331607  -0.00335808 0.0256732  0.0514385
0.52  0.08 -0.044589  0.0517231 0.0729909  -0.0168008 -0.00805911  0.03318 0.0286571  -0.0241092
0.52  0.12 -0.0311013  0.0731534 0.0653383  0.0107515 0.0378775  -0.0120405 -0.0172118  -0.028283
0.52  0.16 -0.0550767  0.0472714 0.0395223  0.0531936 -0.00307579  -0.03616 -0.0331309  0.000482833
0.52  0.2 -0.0784859  -0.0298929 0.0397242  0.0703266 -0.0306758  -0.0286775 0.00508875  0.0400633
0.52  0.24 -0.0603741  -0.110632 0.0542606  0.0926798 -0.0592325  0.0215082 0.0498985  -0.0198387
0.52  0.28 -0.058644  -0.0920871 0.0505667  0.0809677 0.0331403  0.0433763 -0.0286424  -0.0381811
0.52  0.32 -0.0449746  -0.0449913 0.0418987  0.0419359 0.0142246  -0.0284498 -0.0132621  0.0265075
0.52  0.36 0.00795926  0.00547015 0.0393501  -0.00127866 0.00482429  0.00021045 0.0163463  -0.0109689
0.52  0.4 -3.42691e-05  0.0360149 0.00534862  -0.0100035 0.0126209  -0.0128445 -0.00541152  0.00169848
0.52  0.44 -0.00391982  0.0583229 -0.00997398  -0.00811891 -0.0240198  -0.0166518 0.00604379  -0.00219586
0.52  0.48 -0.00410813  0.0400309 -0.00416392  0.00651526 -0.00792325  0.0184948 -0.00295786  0.00248953
0.52  0.52 -0.00155486  0.000515308 -0.0193054  0.00922056 0.000205906  0.000792705 0.0039647  0.0099353
0.52  0.56 -0.00659408  -0.00439693 -0.0403755  0.00575342 0.00362258  0.00160643 0.0194056  -0.00626425
0.52  0.6 -0.039077  0.0286799 -0.0372853  -0.0148142 -0.0209066  -0.0122597 -0.000583679  -0.0200518
0.52  0.64 -0.0366879  0.0356666 -0.0360457  -0.0367188 -0.00396545  0.0252745 -0.0254354  -0.00386401
0.52  0.68 -0.0176723  0.0503094 -0.0293225  -0.0515033 0.0228311  -0.0137687 -0.00509374  0.0291917
0.52  0.72 0.00516256  0.0296601 0.000648215  -0.0332651 -0.014461  -0.00418016 0.0148076  0.00758164
0.52  0.76 -0.000616057  0.0159843 0.0179038  -0.0103106 -0.00202256  0.00773815 0.00985231  -0.00310575
0.56  0 0.115294  0.0265503 0.115294  -0.0265503 -0.0576469  -0.0132752 -0.0576469  0.0132752
0.56  0.04 0.115598  0.0667444 0.0751064  -0.0172878 -0.0188949  0.0640111 0.0172052  0.034481
0.56  0.08 0.121954  0.10013 0.067232  0.0110631 0.0770927  0.0167754 0.0324432  -0.0103958
0.56  0.12 0.109957  0.0920441 0.0406678  0.0547353 -0.000919663  -0.0716927 0.00750769  -0.0332579
0.56  0.16 0.0592954  0.0632806 0.0408756  0.0723649 -0.0430027  0.00555519 -0.0413034  -0.00457228
0.56  0.2 0.0433856  -0.00300584 0.0558332  0.095366 0.0206501  0.00681257 0.00781029  0.0546992
0.56  0.24 -0.00426389  -0.0370164 0.0520323  0.0833144 -0.0186181  -0.000680946 0.0451014  -0.0194428
0.56  0.28 -0.0196591  -0.051469 0.043113  0.0431514 0.0119876  0.0248029 -0.0233173  -0.0196595
0.56  0.32 0.0019146  -0.0108377 0.0404906  -0.00131572 0.00544333  -0.000806462 0.00702988  0.018997
0.56  0.36 0.000234443  0.0246657 0.00550365  -0.0102934 0.00663514  0.0103965 -0.00039384  -0.00582289
0.56  0.4 -0.0313413  0.0340273 -0.0102631  -0.00835422 0.023101  -0.00117446 0.000738885  0.00657533
0.56  0.44 -0.0584154  0.03831 -0.0042846  0.00670409 -0.0014449  -0.0348986 -0.00177693  -0.00355924
0.56  0.48 -0.0573115  0.00456942 -0.0198649  0.0094878 -0.0280354  -0.00635534 -0.0108947  0.00156972
0.56  0.52 -0.0114939  -0.0277183 -0.0415457  0.00592017 -0.0142075  0.00482196 0.0015859  0.0209227
0.56  0.56 0.00354727  -0.0245791 -0.038366  -0.0152435 0.000339806  0.0124122 0.0201989  0.00425232
0.56  0.6 -0.00288573  -0.0336714 -0.0370905  -0.037783 0.0148869  -0.00799388 0.00999987  -0.0245116
0.56  0.64 -0.00704795  -0.0237535 -0.0301724  -0.0529961 -0.00994807  -0.00738319 -0.0279725  -0.012136
0.56  0.68 -0.00597381  -0.0169257 0.000667003  -0.0342292 -0.00308597  0.00842724 -0.0111554  0.0129837
0.56  0.72 -0.012833  0.00140925 0.0184227  -0.0106095 0.00217914  -0.00607615 0.00073051  0.0106045
0.56  0.76 -0.0235098  0.00242883 0.00242044  -0.00677768 -0.0117405  -0.00134647 0.00191186  -0.00304855
0.6  0 0.0772833  0.0177888 0.0772833  -0.0177888 -0.0386416  -0.00889442 -0.0386416  0.00889442
0.6  0.04 0.10226  0.022717 0.0691806  0.0113838 0.000942351  0.0523679 0.00257434  0.0349608
0.6  0.08 0.139694  0.0254809 0.0418465  0.0563217 0.0679785  -0.0204904 0.0314578  0.0155314
0.6  0.12 0.131472  0.0491023 0.0420603  0.0744623 -0.0242155  -0.0658603 0.0145355  -0.0402138
0.6  0.16 0.0693759  0.0401175 0.0574515  0.09813 -0.0365533  0.0164153 -0.0566004  -0.00537984
0.6  0.2 0.0364123  0.0097952 0.0535403  0.0857291 0.0150018  0.0114191 0.00857124  0.0498051
0.6  0.24 0.0450955  -0.00412399 0.0443626  0.0444021 0.00135872  -0.022601 0.0252896  -0.0185832
0.6  0.28 0.0597621  0.00457982 0.0416642  -0.00135385 -0.0299675  0.000265693 -0.0206985  0.00245033
0.6  0.32 0.0373888  0.014105 0.00566316  -0.0105918 -0.000775057  0.0199654 0.00591974  0.00101043
0.6  0.36 -0.0343834  0.00366743 -0.0105605  -0.00859636 -0.0136074  0.0106657 -0.00675563  -0.000846748
0.6  0.4 -0.0731493  0.00773187 -0.00440878  0.0068984 0.0288195  0.0228492 0.00398894  -0.000919067
0.6  0.44 -0.0666404  0.0219983 -0.0204407  0.00976279 0.00766542  -0.0342412 0.00105741  -0.0112768
0.6  0.48 -0.00767682  0.0256689 -0.0427498  0.00609176 -0.00748743  0.0111083 -0.0213118  -0.00345982
0.6  0.52 0.0245281  0.039411 -0.039478  -0.0156854 0.0204702  -0.0109399 -0.00912535  0.0191798
0.6  0.56 0.0224126  0.0419439 -0.0381655  -0.0388781 -0.014606  -0.0187635 0.0221076  0.0159149
0.6  0.6 -0.00515614  0.0377216 -0.0310469  -0.0545321 -0.0183392  0.00510408 0.0188864  -0.0250544
0.6  0.64 -0.0382049  0.0405213 0.000686335  -0.0352213 -0.00311495  0.0276712 -0.0102974  -0.0142905
0.6  0.68 -0.0516115  0.0304258 0.0189567  -0.010917 0.0295847  0.00470284 -0.0107841  -0.0018269
0.6  0.72 -0.0553793  0.0173041 0.00249059  -0.00697412 0.0043602  -0.0286804 0.00258841  0.00264773
0.6  0.76 -0.0405793  0.0187165 -0.00783334  -0.00745847 -0.0218293  0.00476747 -0.00302131  -0.00448544
0.64  0 0.0711857  -0.0117137 0.0711857  0.0117137 -0.0355929  0.00585687 -0.0355929  -0.00585687
0.64  0.04 0.0885299  0.0259021 0.0430593  0.0579541 -0.00221496  0.0460674 -0.0231235  0.0277219
0.64  0.08 0.0681757  0.0458335 0.0432794  0.0766205 0.040786  0.00486405 0.0367208  0.0242391
0.64  0.12 0.0358608  0.037073 0.0591166  0.100974 0.00237546  -0.0256799 0.0190327  -0.0553209
0.64  0.16 0.0375926  0.0180242 0.0550921  0.0882139 -0.0183004  0.00998063 -0.0518882  -0.00343826
0.64  0.2 0.0381529  0.0223456 0.0456484  0.045689 0.0134343  0.0175574 0.0124896  0.0297796
0.64  0.24 0.041356  0.0220442 0.0428717  -0.00139309 0.0140117  -0.0187813 0.00254106  -0.0212961
0.64  0.28 0.0143437  0.0219884 0.0058273  -0.0108988 -0.00808295  -0.0103428 -0.0024385  0.00567792
0.64  0.32 0.0150135  0.0141223 -0.0108666  -0.00884551 -0.00432318  0.00935529 0.00247637  -0.00655356
0.64  0.36 0.0289417  0.0102805 -0.00453657  0.00709834 0.0149958  -0.00330964 -4.27127e-05  0.00421188
0.64  0.4 0.0222558  -0.00195101 -0.0210331  0.0100457 -0.00862786  -0.00709523 0.0110253  0.00377753
0.64  0.44 0.0131976  0.0152799 -0.0439889  0.00626832 -0.00994391  0.00174104 0.00860101  -0.0204842
0.64  0.48 -0.0168486  0.0252464 -0.0406222  -0.01614 -0.0118022  0.00954056 -0.016985  -0.0137541
0.64  0.52 -0.0285749  0.0601455 -0.0392716  -0.0400049 0.0290668  0.0162365 -0.021252  0.0182762
0.64  0.56 -0.0297724  0.0641837 -0.0319467  -0.0561126 0.00921829  -0.0341542 0.0205072  0.0249351
0.64  0.6 -0.0349448  0.0510695 0.000706227  -0.0362421 -0.0303672  -0.00592813 0.0167786  -0.00685399
0.64  0.64 -0.0387061  0.0357762 0.0195061  -0.0112334 -0.00473962  0.0259241 0.00442844  -0.0103469
0.64  0.68 -0.0310526  0.0187958 0.00256278  -0.00717625 0.0179558  0.0026407 -0.00327286  0.00195064
0.64  0.72 -0.0176766  0.0036353 -0.00806038  -0.00767464 0.00224023  -0.00874074 0.00521556  -0.00194045
0.64  0.76 0.00906444  0.00103071 -0.0119993  -0.0125321 0.00431478  0.00147964 -0.00450886  -0.00741143
0.68  0 0.0443073  -0.0596339 0.0443073  0.0596339 -0.0221537  0.0298169 -0.0221537  -0.0298169
0.68  0.04 0.0563752  -0.0284491 0.0445338  0.0788412 0.0204352  0.0240682 -0.0331033  0.0308864
0.68  0.08 0.0508333  -0.0065206 0.06083  0.103901 0.0211381  -0.014485 0.0507481  0.0323813
0.68  0.12 0.0523485  0.0131503 0.0566889  0.0907706 -0.0120695  -0.0241381 0.015954  -0.0510755
0.68  0.16 0.0397618  -0.000753194 0.0469715  0.0470132 -0.0113175  0.0163495 -0.0328014  0.00531121
0.68  0.2 0.035162  0.0177509 0.0441143  -0.00143347 0.0129187  0.0148652 0.02069  0.00767817
0.68  0.24 0.0141173  0.0546928 0.00599619  -0.0112146 0.0280977  -0.00285789 -0.0050916  -0.00380871
0.68  0.28 0.0153161  0.0660899 -0.0111816  -0.00910188 -0.0104471  -0.0322718 0.00595838  0.00405778
0.68  0.32 0.0458527  0.0650525 -0.00466805  0.00730408 -0.023601  0.0320401 -0.00420292  -0.00105857
0.68  0.36 0.052398  0.0489873 -0.0216427  0.0103369 0.0351979  0.00688736 -0.00643787  0.0101177
0.68  0.4 0.0419258  0.0411808 -0.0452638  0.00645 -0.000549243  -0.0293787 0.0184162  0.0135442
0.68  0.44 0.0320733  0.0344538 -0.0417996  -0.0166078 -0.0230162  0.00491904 0.017855  -0.0136731
0.68  0.48 0.00991363  0.0417712 -0.0404099  -0.0411644 -0.00148988  0.021414 -0.0131563  -0.0256667
0.68  0.52 -0.00629076  0.044519 -0.0328727  -0.057739 0.0220041  0.0046042 -0.0298891  0.0144998
0.68  0.56 -0.00854471  0.0367913 0.000726696  -0.0372926 0.00108533  -0.018854 0.00280944  0.018437
0.68  0.6 -0.0100316  0.0355536 0.0200714  -0.011559 -0.0183095  0.00243634 0.0092821  0.00692536
0.68  0.64 -0.0155663  0.0374943 0.00263706  -0.00738425 0.00502931  0.0196657 -0.00116189  -0.00374437
0.68  0.68 -0.00419428  0.0286425 -0.008294  -0.00789708 0.0107365  -0.0097069 0.000683155  0.00568523
0.68  0.72 0.0132662  0.0280144 -0.0123471  -0.0128953 -0.0154973  -0.000177629 0.00850125  -0.00272277
0.68  0.76 0.021195  0.0157896 -0.0120825  -0.0188992 0.0086479  0.00999247 -0.00386363  -0.0105292
0.72  0 0.0458245  -0.0811263 0.0458245  0.0811263 -0.0229122  0.0405632 -0.0229122  -0.0405632
0.72  0.04 0.0238839  -0.0348978 0.0625931  0.106912 0.0197619  0.0075194 -0.0446313  0.0429543
0.72  0.08 0.0520831  0.0470238 0.0583319  0.0934015 0.0338951  0.0090607 0.0472439  0.0282777
0.72  0.12 0.0435251  0.0744229 0.0483328  0.0483758 0.0140433  -0.0407564 0.00259829  -0.0340928
0.72  0.16 0.0344712  0.0432695 0.0453929  -0.00147502 -0.0276287  0.00133484 -0.0126707  0.0188448
0.72  0.2 0.0225386  0.0215372 0.00616998  -0.0115397 0.00635981  0.0142307 0.00503793  -0.00417462
0.72  0.24 -0.0161432  -0.012817 -0.0115056  -0.00936569 -0.00755147  0.00701389 -0.00549614  0.0049816
0.72  0.28 0.0018032  -0.00232671 -0.00480335  0.00751577 -0.000799148  0.00123598 0.00207258  -0.00394894
0.72  0.32 -0.00155411  0.0277845 -0.02227  0.0106365 -0.0134244  0.00365852 -0.00856825  -0.00888017
0.72  0.36 0.00776994  0.0295806 -0.0465757  0.00663694 0.0111326  0.0104838 -0.0179903  0.0151554
0.72  0.4 0.0443449  0.0376903 -0.0430111  -0.0170891 -0.00263484  -0.0289796 0.0093711  0.0211584
0.72  0.44 0.0621501  0.0372755 -0.0415811  -0.0423575 -0.0319468  0.0171006 0.0288479  -0.00697013
0.72  0.48 0.0642947  0.0200763 -0.0338254  -0.0594125 0.0276976  0.0191588 -0.00729562  -0.0333957
0.72  0.52 0.0444591  0.0183029 0.000747758  -0.0383734 0.0105953  -0.0215787 -0.0191205  -0.00163639
0.72  0.56 0.0233596  0.0260419 0.0206532  -0.011894 -0.013722  -0.0108476 -0.00916627  0.00761477
0.72  0.6 0.0154835  0.0168934 0.00271349  -0.00759827 -0.00468901  0.0104544 0.00402579  -0.000259178
0.72  0.64 0.011517  0.0144371 -0.00853439  -0.00812597 0.00893884  0.00231629 -0.00585181  -0.000687819
0.72  0.68 -0.00404449  0.0161421 -0.0127049  -0.0132691 0.00669876  -0.00493541 0.000673266  0.00916065
0.72  0.72 -0.00480916  0.0264977 -0.0124326  -0.019447 -0.0108544  -0.00796848 0.0114644  -0.00132538
0.72  0.76 -0.00463447  0.0220682 -0.0352663  -0.00822415 -0.00463991  0.0102758 -0.0163332  -0.00781424
0.76  0 0.0644073  -0.110011 0.0644073  0.110011 -0.0322036  0.0550054 -0.0322036  -0.0550054
0.76  0.04 0.0484905  -0.0297535 0.0600226  0.0961086 0.0201452  0.0200829 -0.0396812  0.0404388
0.76  0.08 0.0299743  0.0544253 0.0497337  0.0497779 0.0257418  0.0173926 0.033477  0.0108218
0.76  0.12 0.0191594  0.0544885 0.0467085  -0.00151777 0.0144222  -0.0250204 -0.0157948  -0.0172198
0.76  0.16 0.0308761  -0.0122075 0.00634881  -0.0118741 -0.00407362  0.0160933 0.00296088  0.00604639
0.76  0.2 0.0196365  -0.0457213 -0.0118391  -0.00963714 0.0177346  -0.0174497 -0.0036576  -0.00669938
0.76  0.24 0.0179155  -0.0665842 -0.00494257  0.00773361 -0.0315624  -0.0138715 0.00345033  0.00302567
0.76  0.28 -0.00196865  -0.0603298 -0.0229155  0.0109448 0.0035522  0.0299712 0.0109495  -0.00642921
0.76  0.32 -0.0377437  -0.0434187 -0.0479256  0.0068293 0.0146227  -0.0247713 -0.0108213  -0.0216512
0.76  0.36 -0.0338416  0.00633649 -0.0442577  -0.0175844 -0.0126704  0.0116539 -0.0234254  0.00427098
0.76  0.4 -0.00655456  0.0657137 -0.0427863  -0.0435852 0.025346  -0.0211635 1.46602e-05  0.0305382
0.76  0.44 0.00498804  0.0565149 -0.0348058  -0.0611344 -0.0255303  -0.0123654 0.0351659  0.000756595
0.76  0.48 0.0111213  0.0281874 0.000769431  -0.0394856 0.00110979  0.0151103 0.00624848  -0.0187319
0.76  0.52 -0.00730916  0.00421201 0.0212518  -0.0122387 0.0018608  0.00378531 -0.00540643  -0.0110058
0.76  0.56 -0.0049805  0.0125644 0.00279213  -0.00781849 0.00138688  -0.00661392 -0.000711699  0.00408958
0.76  0.6 -0.0183953  0.0208259 -0.00878174  -0.00836149 -0.0132045  -0.00432041 0.00209941  -0.00568778
0.76  0.64 -0.0313925  0.0235937 -0.0130732  -0.0136537 -0.00547163  0.0188573 -0.00932595  -0.00153593
0.76  0.68 -0.0359867  0.0366111 -0.012793  -0.0200106 0.0255303  -0.00265653 -0.00143923  0.0117877
0.76  0.72 -0.0352197  0.0435774 -0.0362884  -0.00846251 -0.0118654  -0.0253784 0.0117561  -0.0144538
0.76  0.76 -0.0397452  0.0443509 -0.0470806  -0.00260035 -0.0241833  0.0173736 -0.0227075  -0.00634096
