t  re  im
0  3  0
0.01  2.96491  0
0.02  2.90871  0
0.03  2.85745  0
0.04  2.82185  0
0.05  2.78215  0
0.06  2.72911  0
0.07  2.67847  0
0.08  2.64145  0
0.09  2.60422  0
0.1  2.55552  0
0.11  2.50821  0
0.12  2.46916  0
0.13  2.42971  0
0.14  2.385  0
0.15  2.33978  0
0.16  2.2988  0
0.17  2.26221  0
0.18  2.222  0
0.19  2.1794  0
0.2  2.14112  0
0.21  2.10752  0
0.22  2.07436  0
0.23  2.03661  0
0.24  1.99984  0
0.25  1.97028  0
0.26  1.94017  0
0.27  1.90515  0
0.28  1.86986  0
0.29  1.83994  0
0.3  1.81418  0
0.31  1.78357  0
0.32  1.7502  0
0.33  1.72167  0
0.34  1.69698  0
0.35  1.6688  0
0.36  1.63753  0
0.37  1.60913  0
0.38  1.58563  0
0.39  1.55938  0
0.4  1.5281  0
0.41  1.50036  0
0.42  1.47805  0
0.43  1.45273  0
0.44  1.4242  0
0.45  1.39791  0
0.46  1.37764  0
0.47  1.35519  0
0.48  1.32741  0
0.49  1.30246  0
0.5  1.28253  0
0.51  1.26105  0
0.52  1.23709  0
0.53  1.21391  0
0.54  1.19446  0
0.55  1.17473  0
0.56  1.15243  0
0.57  1.13041  0
0.58  1.11088  0
0.59  1.09156  0
0.6  1.07223  0
0.61  1.05154  0
0.62  1.03197  0
0.63  1.01388  0
0.64  0.995564  0
0.65  0.976102  0
0.66  0.957757  0
0.67  0.940956  0
0.68  0.924626  0
0.69  0.906564  0
0.7  0.888136  0
0.71  0.871814  0
0.72  0.856096  0
0.73  0.838074  0
0.74  0.820321  0
0.75  0.804494  0
0.76  0.790098  0
0.77  0.773816  0
0.78  0.756783  0
0.79  0.742016  0
0.8  0.728633  0
0.81  0.713721  0
0.82  0.698343  0
0.83  0.684385  0
0.84  0.671814  0
0.85  0.657822  0
0.86  0.642677  0
0.87  0.6292  0
0.88  0.617288  0
0.89  0.604502  0
0.9  0.591079  0
0.91  0.578615  0
0.92  0.567118  0
0.93  0.554974  0
0.94  0.5419  0
0.95  0.529863  0
0.96  0.518775  0
0.97  0.507108  0
0.98  0.495294  0
0.99  0.484059  0
1  0.47337  0
1.01  0.462631  0
1.02  0.451811  0
1.03  0.441472  0
1.04  0.431765  0
1.05  0.422378  0
1.06  0.413008  0
1.07  0.403815  0
1.08  0.394897  0
1.09  0.386664  0
1.1  0.378468  0
1.11  0.37006  0
1.12  0.36214  0
1.13  0.354817  0
1.14  0.347665  0
1.15  0.340313  0
1.16  0.332812  0
1.17  0.325861  0
1.18  0.319026  0
1.19  0.311799  0
1.2  0.304543  0
1.21  0.297697  0
1.22  0.290926  0
1.23  0.283897  0
1.24  0.276702  0
1.25  0.270017  0
1.26  0.263686  0
1.27  0.257214  0
1.28  0.250704  0
1.29  0.244547  0
1.3  0.238715  0
1.31  0.232945  0
1.32  0.227024  0
1.33  0.221568  0
1.34  0.216501  0
1.35  0.21145  0
1.36  0.206261  0
1.37  0.201314  0
1.38  0.196625  0
1.39  0.192129  0
1.4  0.187523  0
1.41  0.183137  0
1.42  0.179065  0
1.43  0.175078  0
1.44  0.171024  0
1.45  0.16694  0
1.46  0.162958  0
1.47  0.159231  0
1.48  0.155325  0
1.49  0.151392  0
1.5  0.147708  0
1.51  0.144146  0
1.52  0.140468  0
1.53  0.13675  0
1.54  0.133181  0
1.55  0.129869  0
1.56  0.12646  0
1.57  0.12309  0
1.58  0.119925  0
1.59  0.116857  0
1.6  0.113759  0
1.61  0.110745  0
1.62  0.107802  0
1.63  0.104989  0
1.64  0.102276  0
1.65  0.0996417  0
1.66  0.0970617  0
1.67  0.0945512  0
1.68  0.0921464  0
1.69  0.0898605  0
1.7  0.0875938  0
1.71  0.0854369  0
1.72  0.0833666  0
1.73  0.0813421  0
1.74  0.0793502  0
1.75  0.077423  0
1.76  0.0755553  0
1.77  0.0737185  0
1.78  0.0718973  0
1.79  0.0701415  0
1.8  0.0684643  0
1.81  0.0668042  0
1.82  0.0651478  0
1.83  0.063534  0
1.84  0.0619666  0
1.85  0.0604537  0
1.86  0.0589304  0
1.87  0.057432  0
1.88  0.0560261  0
1.89  0.0546568  0
1.9  0.0532645  0
1.91  0.051908  0
1.92  0.0506182  0
1.93  0.0493514  0
1.94  0.0481055  0
1.95  0.046899  0
1.96  0.0457668  0
1.97  0.0446426  0
1.98  0.0435189  0
1.99  0.0424644  0
2  0.0414665  0
2.01  0.0404688  0
2.02  0.0394981  0
2.03  0.0385685  0
2.04  0.0376707  0
2.05  0.0367553  0
2.06  0.0358517  0
2.07  0.035009  0
2.08  0.0341903  0
2.09  0.0333547  0
2.1  0.032561  0
2.11  0.0317991  0
2.12  0.0310467  0
2.13  0.0302928  0
2.14  0.02956  0
2.15  0.0288631  0
2.16  0.0281779  0
2.17  0.0274904  0
2.18  0.0268355  0
2.19  0.0261924  0
2.2  0.0255534  0
2.21  0.0249377  0
2.22  0.0243461  0
2.23  0.0237624  0
2.24  0.0231936  0
2.25  0.022638  0
2.26  0.0221116  0
2.27  0.0215681  0
2.28  0.0210163  0
2.29  0.0205099  0
2.3  0.0200317  0
2.31  0.0195294  0
2.32  0.019029  0
2.33  0.0185653  0
2.34  0.0181187  0
2.35  0.0176415  0
2.36  0.017152  0
2.37  0.0167134  0
2.38  0.0163024  0
2.39  0.0158677  0
2.4  0.0154402  0
2.41  0.0150413  0
2.42  0.0146577  0
2.43  0.0142581  0
2.44  0.0138594  0
2.45  0.0135023  0
2.46  0.0131604  0
2.47  0.0128031  0
2.48  0.0124568  0
2.49  0.0121336  0
2.5  0.0118266  0
2.51  0.0115177  0
2.52  0.0112127  0
2.53  0.0109299  0
2.54  0.0106578  0
2.55  0.0103827  0
2.56  0.0101136  0
2.57  0.00985152  0
2.58  0.00959575  0
2.59  0.0093559  0
2.6  0.00912256  0
2.61  0.0088899  0
2.62  0.00866289  0
2.63  0.00844996  0
2.64  0.00824783  0
2.65  0.00803478  0
2.66  0.0078223  0
2.67  0.00763352  0
2.68  0.00745365  0
2.69  0.0072615  0
2.7  0.00706538  0
2.71  0.00689093  0
2.72  0.00672994  0
2.73  0.00655563  0
2.74  0.0063782  0
2.75  0.00621977  0
2.76  0.00607376  0
2.77  0.0059208  0
2.78  0.00576314  0
2.79  0.00561831  0
2.8  0.00548645  0
2.81  0.00535084  0
2.82  0.005212  0
2.83  0.00508556  0
2.84  0.00496686  0
2.85  0.00484677  0
2.86  0.00472272  0
2.87  0.00460504  0
2.88  0.00449767  0
2.89  0.00439014  0
2.9  0.00427961  0
2.91  0.00417461  0
2.92  0.00407482  0
2.93  0.00397778  0
2.94  0.00388103  0
2.95  0.00378586  0
2.96  0.00369544  0
2.97  0.00360823  0
2.98  0.00351982  0
2.99  0.00343153  0
3  0.00334508  0
3.01  0.00326356  0
3.02  0.00318649  0
3.03  0.00310636  0
3.04  0.00302681  0
3.05  0.002954  0
3.06  0.00288338  0
3.07  0.00281013  0
3.08  0.00273513  0
3.09  0.00266783  0
3.1  0.00260484  0
3.11  0.00253746  0
3.12  0.00246755  0
3.13  0.00240511  0
3.14  0.00234744  0
3.15  0.00228525  0
3.16  0.0022205  0
3.17  0.00216176  0
3.18  0.00210811  0
3.19  0.00205168  0
3.2  0.00199246  0
3.21  0.00193926  0
3.22  0.00188951  0
3.23  0.00183806  0
3.24  0.00178521  0
3.25  0.00173631  0
3.26  0.00169183  0
3.27  0.00164664  0
3.28  0.00160034  0
3.29  0.00155657  0
3.3  0.00151583  0
3.31  0.0014761  0
3.32  0.00143592  0
3.33  0.00139732  0
3.34  0.00136089  0
3.35  0.00132565  0
3.36  0.0012897  0
3.37  0.00125464  0
3.38  0.00122166  0
3.39  0.00119008  0
3.4  0.00115905  0
3.41  0.00112808  0
3.42  0.00109812  0
3.43  0.00106974  0
3.44  0.00104182  0
3.45  0.00101407  0
3.46  0.000987118  0
3.47  0.000962036  0
3.48  0.000937283  0
3.49  0.000912269  0
3.5  0.000887793  0
3.51  0.000864881  0
3.52  0.000843094  0
3.53  0.00082067  0
3.54  0.000798464  0
3.55  0.000777759  0
3.56  0.000757588  0
3.57  0.00073734  0
3.58  0.000717192  0
3.59  0.000698367  0
3.6  0.000680525  0
3.61  0.000662563  0
3.62  0.000644523  0
3.63  0.00062744  0
3.64  0.000611073  0
3.65  0.000594728  0
3.66  0.000578355  0
3.67  0.00056219  0
3.68  0.000547005  0
3.69  0.00053239  0
3.7  0.000517626  0
3.71  0.000503194  0
3.72  0.000489272  0
3.73  0.00047615  0
3.74  0.000463032  0
3.75  0.000450003  0
3.76  0.000437951  0
3.77  0.000426318  0
3.78  0.000414578  0
3.79  0.000403172  0
3.8  0.000392524  0
3.81  0.000381989  0
3.82  0.000371362  0
3.83  0.000361246  0
3.84  0.000351675  0
3.85  0.000342109  0
3.86  0.000332428  0
3.87  0.000323449  0
3.88  0.000315032  0
3.89  0.000306573  0
3.9  0.000298421  0
3.91  0.000290682  0
3.92  0.000283188  0
3.93  0.000275743  0
3.94  0.000268563  0
3.95  0.000261648  0
3.96  0.000254835  0
3.97  0.000248132  0
3.98  0.000241702  0
3.99  0.000235356  0
